0,0,-2.0180917094103614E-5
0,1,1.0733162936010875E-6
0,2,9.984261242204703E-6
0,3,7.618757645793908E-6
0,4,6.536072645105168E-7
0,5,-1.7843828280862143E-5
0,6,7.184036791136062E-6
0,7,1.4949638136489313E-5
0,8,-7.86810322062473E-6
0,9,2.8536651490707997E-6
0,10,5.6487036951371E-6
0,11,-6.350280052940705E-6
0,12,1.4851500423428635E-5
0,13,5.449679708212583E-6
0,14,-3.631687566420333E-6
0,15,-3.4126207438033164E-6
0,16,9.41134240040097E-6
0,17,6.098781270999651E-7
0,18,3.4968808198935693E-6
0,19,-1.6267055408295585E-6
0,20,2.310684989608407E-5
0,21,-1.7672223247395323E-6
0,22,-6.935557105788785E-6
0,23,-8.070894367964625E-6
0,24,-9.391864669450222E-6
0,25,5.172571217302951E-6
0,26,7.97327484668875E-6
0,27,1.3382240588227914E-5
0,28,1.523511924668821E-6
0,29,-8.826871476885071E-6
0,30,-3.8839338000211327E-7
0,31,1.3553960223693514E-6
0,32,4.582066527013257E-6
0,33,-1.3671170893308983E-5
0,34,-1.6322214961353565E-7
0,35,-3.1808801875112104E-6
0,36,1.0477352945175198E-5
0,37,6.105393582344896E-6
0,38,-1.0487104151144086E-5
0,39,-4.422808157982659E-6
0,40,-1.0190817717389606E-6
0,41,-3.310636997436463E-6
0,42,2.4538507545813753E-6
0,43,-1.565055667218025E-5
0,44,-1.0373334599612546E-5
0,45,-1.2258386188571265E-5
0,46,1.0800518819753391E-5
0,47,-1.7098459424667005E-5
0,48,-1.6955586833751968E-5
0,49,-1.0897553132502796E-5
0,50,7.3794326768284325E-6
0,51,-3.7170579284263215E-7
0,52,-1.2160745123504676E-5
0,53,-2.8861057850979817E-6
0,54,2.4670776721966044E-6
0,55,-4.3999308814029705E-6
0,56,-6.969613146828177E-7
0,57,1.3739878520962118E-6
0,58,-5.987923428039203E-6
0,59,-5.958186129927331E-7
0,60,-3.1441605467710106E-6
0,61,1.0301692703883137E-5
0,62,-1.1285928725340728E-6
0,63,1.804774678740448E-5
0,64,7.076113544442025E-6
0,65,1.2520639688509702E-6
0,66,-4.3701361719049775E-6
0,67,-5.195139922658835E-6
0,68,-1.110761314646187E-5
0,69,-1.948636033899186E-5
0,70,5.991633004266247E-7
0,71,-5.6184924668819265E-6
0,72,-5.007220277350143E-6
0,73,-4.162753467936821E-6
0,74,9.846904238914377E-6
0,75,-1.627182354071676E-5
0,76,-1.4550966909585037E-5
0,77,-5.124377929315496E-6
0,78,5.720332337418634E-6
0,79,-2.2887315374140053E-6
0,80,-9.054542842646114E-6
0,81,-1.3885660375795144E-5
0,82,-1.2856560825844737E-5
0,83,-5.887179994803967E-6
0,84,2.388073475858999E-6
0,85,1.2914460705190186E-5
0,86,7.100514425025366E-7
0,87,-1.77603332889169E-5
0,88,1.2052929876270794E-5
0,89,1.0790346594536603E-5
0,90,1.0570775225702307E-5
0,91,5.092154345477647E-7
0,92,5.699872252389754E-6
0,93,-5.096031455193611E-7
0,94,1.2227620652866381E-5
0,95,1.3972585219881496E-5
0,96,-1.2687746978914266E-5
0,97,-1.880262195729126E-7
0,98,1.4714306389807715E-5
0,99,2.35543263144419E-5
