0,6.4893252051378314E-6,4.237214358608702E-6,4.606948291950049E-6,3.227557579732572E-6,7.606663048469749E-7,-1.3951691320230144E-6,5.503181843309801E-6,1.3327982853024697E-6,6.043923937067411E-7,3.9463889509278087E-7,4.290745829270761E-7,3.0060309660102333E-7,7.084572189700481E-8,-1.2994103157404716E-7,5.125465502408547E-7,1.2413203538617697E-7,0.0,0.0,0.0,0.0,0.0,0.0,0.0,0.0
1,7.541753651451803E-6,3.05533027633845E-6,-7.078714886218785E-6,8.087814020416129E-6,1.463944904314167E-6,4.880646018613808E-6,-6.730128362464011E-6,4.475332028651466E-6,7.024117913720883E-7,2.845624654190789E-7,-6.5928602731075E-7,7.532698888013655E-7,1.3634655946413762E-7,4.545658041084893E-7,-6.268199330959789E-7,4.16816317863854E-7,0.0,0.0,0.0,0.0,0.0,0.0,0.0,0.0
2,-6.578135172395506E-6,-5.5844585289290435E-6,-7.180288884942328E-6,4.689318220330246E-6,-1.0543230262835053E-5,1.2404282383980496E-5,-4.671312996226131E-6,-6.94827571714468E-6,-6.126638344164169E-7,-5.20116368211749E-7,-6.68746263975266E-7,4.367462215942251E-7,-9.819585202618538E-7,1.1552902166621077E-6,-4.350692798218833E-7,-6.471373925715498E-7,0.0,0.0,0.0,0.0,0.0,0.0,0.0,0.0
3,-2.6913603921011972E-6,3.050578625056864E-6,-1.8528399965989788E-5,-1.5088517608597558E-5,-1.2210741796770265E-6,1.6617926162357975E-6,1.4413409030068319E-5,4.3341241149179895E-6,-2.5066362037452446E-7,2.8411991371916616E-7,-1.7256684867789193E-6,-1.4052902245848657E-6,-1.1372645429404527E-7,1.5477338327613369E-7,1.3424130413787949E-6,4.0366472100227045E-7,0.0,0.0,0.0,0.0,0.0,0.0,0.0,0.0
4,-1.3538005081738519E-5,4.134798377082838E-6,-1.1310029384808526E-5,-8.655960483856679E-6,3.7938208203212166E-6,1.4880631038385845E-5,1.1811563913090702E-5,-2.44064417212557E-6,-1.260881068321801E-6,3.8510023917873226E-7,-1.0533754306764307E-6,-8.061850055738564E-7,3.533428167647723E-7,1.3859284176448483E-6,1.1000865515529104E-6,-2.2731281400547504E-7,0.0,0.0,0.0,0.0,0.0,0.0,0.0,0.0
5,-8.401064918621941E-7,1.1674145608762219E-5,3.7855790866240113E-6,-1.3427978467875273E-5,-1.179638490531154E-5,1.4916475098561315E-6,3.34139768121181E-6,-2.855757560095611E-7,-7.824449500345716E-8,1.0872879052732041E-6,3.5257521134885496E-7,-1.2506335855102293E-6,-1.0986728333988278E-6,1.3892668044282958E-7,3.1120575391478213E-7,-2.6597498092358563E-8,0.0,0.0,0.0,0.0,0.0,0.0,0.0,0.0
6,4.062711122108531E-6,5.595236335361938E-6,-2.4888730310284346E-6,9.056892254325853E-6,-1.8512406707099065E-6,1.1117106971960351E-5,1.0443748074639784E-5,-5.279858132293575E-6,3.7838629170160145E-7,5.211201743120988E-7,-2.3180467634217706E-7,8.435263476646331E-7,-1.724178932200047E-7,1.0354073314964652E-6,9.72693107301796E-7,-4.917469835653467E-7,0.0,0.0,0.0,0.0,0.0,0.0,0.0,0.0
7,-7.23390236238494E-6,7.947394086551802E-6,1.7282300527435702E-5,-7.529265061638704E-6,-1.9014535379197197E-5,-8.83788654277271E-6,1.9849139621477512E-6,-6.164235527815153E-7,-6.737396303035099E-7,7.401916815450506E-7,1.6096112699401866E-6,-7.012486490652479E-7,-1.7709453895010594E-6,-8.23128943921987E-7,1.8486774247803115E-7,-5.741147111996782E-8,0.0,0.0,0.0,0.0,0.0,0.0,0.0,0.0
8,-9.829866923052825E-6,-4.82319391112029E-6,-2.4935604386206912E-5,1.2515583022143717E-5,-8.864257540038468E-6,-2.4967563163859555E-6,-2.77301876583195E-6,-1.3563347769564723E-5,-9.155184262790641E-7,-4.492149215968768E-7,-2.3224124461379665E-6,1.1656563575174068E-6,-8.255850436955941E-7,-2.3253889716694901E-7,-2.582689874042631E-7,-1.2632413950534994E-6,0.0,0.0,0.0,0.0,0.0,0.0,0.0,0.0
9,6.544493330688852E-6,2.8510668471706713E-5,-4.9628296097626146E-6,-7.70099953683903E-6,-5.888109916796866E-6,-1.013758372379712E-6,-9.680116679178425E-6,2.059523805709717E-6,6.095305543614386E-7,2.6553810479539484E-6,-4.6222008800208695E-7,-7.172433799901755E-7,-5.483973655983008E-7,-9.441780615889928E-8,-9.01571227534761E-7,1.9181663477718632E-7,0.0,0.0,0.0,0.0,0.0,0.0,0.0,0.0
10,4.670992281055667E-7,1.3686297650460393E-5,1.341143669423244E-5,1.289767331860698E-5,8.313023781873107E-7,-4.471512777085384E-6,-3.885719731325876E-6,-3.587780154431524E-7,4.3503940957477035E-8,1.274692504447268E-6,1.2490929442437755E-6,1.201242872537393E-6,7.742451154329468E-8,-4.1646060651843804E-7,-3.6190195057792186E-7,-3.341529307083353E-8,0.0,0.0,0.0,0.0,0.0,0.0,0.0,0.0
11,4.426566565197038E-7,-6.407022183685144E-6,-1.4145643182414132E-5,-3.9336390264906614E-6,-1.9919711693784874E-6,9.666749152599278E-6,2.8280624433911707E-6,-3.3148408972895133E-6,4.1227447813192204E-8,-5.967269865072004E-7,-1.3174742940535679E-6,-3.663649812645634E-7,-1.8552502535728718E-7,9.003262242197201E-7,2.63395557424699E-7,-3.087323506424917E-7,0.0,0.0,0.0,0.0,0.0,0.0,0.0,0.0
12,1.6728166803493686E-5,-1.6161208497852223E-5,-8.428617905621729E-6,-2.8389152580649383E-6,1.7395845565876525E-5,6.921511166857439E-6,1.970097315485124E-5,-3.542595134524148E-7,1.558001249289406E-6,-1.5051967932565685E-6,-7.850111360677371E-7,-2.644063495208595E-7,1.6201864461571303E-6,6.446446386876557E-7,1.8348777333485863E-6,-3.299445605832831E-8,0.0,0.0,0.0,0.0,0.0,0.0,0.0,0.0
13,6.633001634938883E-7,-3.10960554962456E-6,1.436886619670403E-5,-1.637751458731219E-5,-9.798767835071373E-6,3.14333156047044E-6,2.3201111339808164E-6,-1.1197619039494051E-5,6.177738992669995E-8,-2.8961746902846846E-7,1.3382644821946728E-6,-1.5253427639164825E-6,-9.126219691541578E-7,2.927585882945166E-7,2.1608680064555233E-7,-1.042905935691782E-6,0.0,0.0,0.0,0.0,0.0,0.0,0.0,0.0
14,5.798778475322464E-6,5.971645309632593E-8,-4.04194334424841E-6,6.013548323766672E-6,4.6341369770755985E-6,1.401739900041921E-5,-8.38062958905753E-6,-3.248826354038937E-6,5.400773566557516E-7,5.56177551320609E-9,-3.7645205561888584E-7,5.600802473541064E-7,4.316068392016047E-7,1.3055300925068822E-6,-7.805416769777007E-7,-3.0258399367818543E-7,0.0,0.0,0.0,0.0,0.0,0.0,0.0,0.0
15,1.3839452618900017E-5,-2.8705618012424385E-6,3.5423438185815236E-6,8.278156633191536E-6,-4.908224608492201E-6,2.4057366958830286E-5,7.950312476748773E-6,-6.127276246872873E-6,1.2889568069833975E-6,-2.673537946517207E-7,3.299211539200186E-7,7.709977146837248E-7,-4.5713437471572013E-7,2.240616573040732E-6,7.40463489902839E-7,-5.706724567920581E-7,0.0,0.0,0.0,0.0,0.0,0.0,0.0,0.0
16,2.4678741857680124E-6,8.490066545871437E-6,8.071771619530775E-6,1.3730158160910349E-5,1.7560414837438158E-5,1.4109729277161086E-6,-3.0809565706283375E-6,1.1479611738435195E-5,2.2984891947121124E-7,7.907342412594527E-7,7.517757573164193E-7,1.278777514531894E-6,1.635513835805644E-6,1.3141294021749464E-7,-2.869492062360419E-7,1.0691697207437086E-6,0.0,0.0,0.0,0.0,0.0,0.0,0.0,0.0
17,-1.614353981333687E-5,4.392655307847186E-6,-1.3636036735465586E-5,-8.7773587903195E-6,-1.3945835633495293E-5,-1.1534940929460301E-5,-9.634237903000644E-6,-8.262238239386118E-7,-1.5035511955731861E-6,4.091161056510146E-7,-1.2700113837208924E-6,-8.174916069062502E-7,-1.2988649380779641E-6,-1.0743228824590324E-6,-8.972982434450908E-7,-7.69515132776299E-8,0.0,0.0,0.0,0.0,0.0,0.0,0.0,0.0
18,-9.165295259116357E-6,-7.242513686757273E-7,8.580261557644424E-6,8.478197244184687E-6,5.871536774969243E-6,-1.1747524049299948E-5,-4.302219991795244E-6,9.501899078614206E-7,-8.53622613375362E-7,-6.745416580838599E-8,7.99134680036469E-7,7.896287772172543E-7,5.46853802820773E-7,-1.0941221091285344E-6,-4.006932858029503E-7,8.849726816369941E-8,0.0,0.0,0.0,0.0,0.0,0.0,0.0,0.0
19,1.8644298425241363E-5,-9.219014902581769E-6,-1.751916646882023E-6,-9.10131656572596E-6,7.901361934725333E-6,2.325106986119279E-6,9.584539845789773E-6,1.4226851058316407E-6,1.7364628521371253E-6,-8.58625867623101E-7,-1.6316721112550783E-7,-8.476638681387713E-7,7.359044125947369E-7,2.165520963343706E-7,8.926695452671699E-7,1.325037703345284E-7,0.0,0.0,0.0,0.0,0.0,0.0,0.0,0.0
20,3.6019870102946824E-6,9.147515887786373E-6,-9.991464331340062E-6,1.0366670573561879E-5,-7.0706880314875075E-6,-1.7681287330301463E-6,-7.932242037491411E-6,-7.6265586692931546E-6,3.3547610613132266E-7,8.519667067230682E-7,-9.305690272790207E-7,9.65514386264491E-7,-6.585384349540041E-7,-1.646771464751167E-7,-7.387804742295334E-7,-7.103102255086669E-7,0.0,0.0,0.0,0.0,0.0,0.0,0.0,0.0
21,4.241147468836086E-6,-1.1428919012234365E-5,-2.708035494314615E-6,-8.745750920335953E-6,1.4370163465330572E-5,-5.180501370013056E-6,7.782439972045038E-6,-7.740898672993815E-6,3.9500521082310334E-7,-1.064448382676669E-6,-2.5221667937538323E-7,-8.145477636586247E-7,1.3383853051283836E-6,-4.824932523244514E-7,7.248284490100945E-7,-7.209594419302261E-7,0.0,0.0,0.0,0.0,0.0,0.0,0.0,0.0
22,-5.0799825717654874E-6,-1.0435700535215512E-5,-6.551116940483702E-6,2.184047482250517E-6,-6.3588216836829466E-6,4.642275346804352E-7,-6.392067219234934E-6,-4.067727185602743E-6,-4.73131293235121E-7,-9.719435884436999E-7,-6.101474535392959E-7,2.03414321834389E-7,-5.922377654158234E-7,4.323648176679296E-8,-5.953341349411912E-7,-3.788534698023777E-7,0.0,0.0,0.0,0.0,0.0,0.0,0.0,0.0
23,2.3529415848693794E-7,6.301731207593716E-6,1.4093643975057343E-6,2.86564225874935E-6,2.8700342774032226E-6,-1.5056092196304869E-5,1.953382895132168E-5,1.7186405130266887E-5,2.1914451067064368E-8,5.869205639492497E-7,1.3126312750113792E-7,2.6689560617292314E-7,2.6730466297883613E-7,-1.4022702383837946E-6,1.8193105238062899E-6,1.6006799177883123E-6,0.0,0.0,0.0,0.0,0.0,0.0,0.0,0.0
24,3.362838974835048E-6,-3.3253954914546032E-6,-2.989503801775883E-6,-5.824596848462751E-6,-3.1291661484485087E-6,-1.1452784475393699E-5,-6.726023629255699E-6,9.56145529045202E-7,3.13202718833376E-7,-3.09715367555104E-7,-2.7843162449540517E-7,-5.424819870050984E-7,-2.914392728020916E-7,-1.0666711260186866E-6,-6.264376330193373E-7,8.905195328664541E-8,0.0,0.0,0.0,0.0,0.0,0.0,0.0,0.0
25,1.5910514528954042E-5,-3.1693131440409686E-6,1.1746005383689426E-6,-1.7451024720032475E-5,8.724359131722212E-6,-1.3220388090337267E-5,1.4478450727162034E-5,-1.2756563982358325E-6,1.4818480592733141E-6,-2.951784194772569E-7,1.0939806660792436E-7,-1.625325633979284E-6,8.125554094569887E-7,-1.2312993648857083E-6,1.348470790953006E-6,-1.188100456830434E-7,0.0,0.0,0.0,0.0,0.0,0.0,0.0,0.0
26,1.2746525880309896E-5,3.5584257954453155E-6,-1.3183942031891222E-5,6.219012017450705E-6,-3.0289772359143156E-6,7.49440888323321E-6,-2.2460580353578273E-6,-5.516540406886542E-6,1.187165544133081E-6,3.3141897136412656E-7,-1.2279049101771124E-6,5.792163962955926E-7,-2.821080380821414E-7,6.980022700595035E-7,-2.0918976156608913E-7,-5.137907187707116E-7,0.0,0.0,0.0,0.0,0.0,0.0,0.0,0.0
27,4.7247721945943204E-6,7.1607622459762625E-6,-5.747985599864585E-7,-8.237293775737893E-6,1.4379464431521231E-6,1.663562992831068E-5,-1.172393044780666E-5,-2.364146491947928E-6,4.400482771526614E-7,6.669276231007632E-7,-5.3534669103265313E-8,-7.671918952111852E-7,1.3392515636526256E-7,1.5493826977869482E-6,-1.0919246860009172E-6,-2.201880953981499E-7,0.0,0.0,0.0,0.0,0.0,0.0,0.0,0.0
28,-6.216496813956678E-7,2.24331740595803E-6,3.550996181725326E-6,-1.0631921442197294E-5,3.6187794979456717E-6,3.871333490774335E-7,1.8852858590642797E-6,-1.0159839111163825E-5,-5.789821392850378E-8,2.0893450920700535E-7,3.307270038831642E-7,-9.902188974976887E-7,3.370400979951501E-7,3.6056206790735466E-8,1.755887395306993E-7,-9.462508482685613E-7,0.0,0.0,0.0,0.0,0.0,0.0,0.0,0.0
29,2.0099713181611276E-7,4.792872506532859E-6,1.5680035578490646E-5,5.371049459121961E-6,-8.935255602595914E-6,1.3934760220566232E-6,-6.072542185886185E-6,9.893387166126403E-7,1.872014944291749E-8,4.4639089510468086E-7,1.4603820793493572E-6,5.002402155369263E-7,-8.32197547711684E-7,1.2978334139813723E-7,-5.655747233461441E-7,9.214344731030183E-8,0.0,0.0,0.0,0.0,0.0,0.0,0.0,0.0
30,1.2220467912090866E-6,-3.659316160870721E-6,-1.319041191464103E-6,8.578078601006554E-6,-1.2428775694243706E-5,2.3541842226975933E-5,-1.652041939909275E-5,-1.0141325818696045E-5,1.1381703983161713E-7,-3.408155368811758E-7,-1.2285074917813572E-7,7.989313673091321E-7,-1.1575714354278416E-6,2.192602454954047E-6,-1.5386524037529208E-6,-9.445265868391726E-7,0.0,0.0,0.0,0.0,0.0,0.0,0.0,0.0
31,-1.601209381091346E-6,-8.788374679524617E-6,2.826629821996647E-6,-3.942940413573207E-6,-1.3151642410835885E-5,3.7369091344389935E-6,8.204798800786052E-6,1.0151545224241259E-5,-1.491308787999914E-7,-8.185175871790491E-7,2.6326212822234285E-7,-3.6723127897889604E-7,-1.2248966397215936E-6,3.4804226717325853E-7,7.641654301969702E-7,9.454783854910552E-7,0.0,0.0,0.0,0.0,0.0,0.0,0.0,0.0
32,-1.1541176699596268E-5,4.3448490493547084E-6,7.6539209341934E-7,3.5078074049867223E-7,7.87759105481286E-6,-6.494020289865401E-6,1.1032659701921402E-5,4.732036788545905E-6,-1.0749036596462183E-6,4.046636027958544E-7,7.128586483806773E-8,3.267045566587178E-8,7.336904783989187E-7,-6.048296769978987E-7,1.0275422166997245E-6,4.4072487528645653E-7,0.0,0.0,0.0,0.0,0.0,0.0,0.0,0.0
33,-2.959948046477467E-6,-1.9860675168280005E-5,-7.95521172333355E-6,1.3877149676808263E-5,-7.028579548849587E-7,-7.2194751771451985E-6,-1.8806678491456143E-5,-2.554700753440711E-6,-2.7567890782185314E-7,-1.8497518040921946E-6,-7.409197880988184E-7,1.2924677752818835E-6,-6.546166024374145E-8,-6.723959341951819E-7,-1.7515863470802896E-6,-2.3793563348434724E-7,0.0,0.0,0.0,0.0,0.0,0.0,0.0,0.0
34,2.257468813598494E-6,9.853716191135814E-7,-3.859775789991114E-6,4.216088166369057E-6,-6.014154552990513E-6,-8.147777375786418E-6,-1.6472809545335008E-5,9.308421484766047E-6,2.1025252038852266E-7,9.177396612655442E-8,-3.594856252594962E-7,3.926712775818981E-7,-5.601367093622777E-7,-7.588546599008143E-7,-1.5342181933257817E-6,8.669528749045968E-7,0.0,0.0,0.0,0.0,0.0,0.0,0.0,0.0
35,2.7387803095894193E-6,-1.0880063956432738E-5,-8.111747890789432E-6,4.344145157927923E-6,-1.2317198597802656E-5,-9.523453980574157E-6,-5.525599789426392E-6,-2.769670045044884E-6,2.5508014082362615E-7,-1.0133299981768229E-6,-7.554990033425298E-7,4.0459804488231966E-7,-1.1471795462436612E-6,-8.869802276366242E-7,-5.146344770527723E-7,-2.5795709960333916E-7,0.0,0.0,0.0,0.0,0.0,0.0,0.0,0.0
36,-7.110217732808564E-6,-1.8271522246249549E-6,-1.1452117899318172E-5,3.6705580715458718E-6,-7.89467496762272E-6,-1.5835480583502303E-6,1.4126132672961483E-6,1.3744349049861364E-5,-6.622200890519776E-7,-1.7017438205043997E-7,-1.0666090435232357E-6,3.418625679822843E-7,-7.35281612550092E-7,-1.474859667670468E-7,1.3156571554600713E-7,1.2800992028530129E-6,0.0,0.0,0.0,0.0,0.0,0.0,0.0,0.0
37,-1.3247222495882721E-5,-1.3050650520739253E-5,-5.325052987556078E-6,1.2964722411440074E-5,-1.4587807017388799E-6,-6.731573671539071E-6,-1.4352045185368523E-5,-8.558044009566726E-6,-1.2337986248343986E-6,-1.215490618560419E-6,-4.959562697222236E-7,1.207487583726698E-6,-1.3586558422349267E-7,-6.2695454398324E-7,-1.3366978337384807E-6,-7.970654175689101E-7,0.0,0.0,0.0,0.0,0.0,0.0,0.0,0.0
38,1.1163804354807643E-6,3.2638263889292663E-6,5.95021816151856E-6,1.2423390536664891E-5,-3.2729275195964285E-6,1.969904554448274E-6,-1.058964162189556E-5,5.451935271128083E-6,1.0397565576666269E-7,3.0398104294101053E-7,5.541819039763007E-7,1.1570698812316313E-6,-3.0482868949520746E-7,1.834698202656549E-7,-9.862811072040428E-7,5.077736289484409E-7,0.0,0.0,0.0,0.0,0.0,0.0,0.0,0.0
39,-1.1131400296781686E-5,-1.7140272164096864E-5,-9.567841812709994E-6,1.7203337324503473E-6,2.4344530489271715E-5,1.6725343591176602E-6,1.4401150023923275E-7,-9.87416804122848E-6,-1.0367385603322742E-6,-1.5963832593561767E-6,-8.911143505620865E-7,1.6022569214093468E-7,2.2673619507265746E-6,1.557738305467232E-7,1.3412712813788095E-8,-9.196444729799477E-7,0.0,0.0,0.0,0.0,0.0,0.0,0.0,0.0
40,7.295947758861776E-6,-7.611035838953109E-6,-4.847885454810241E-6,-4.920005944208408E-6,-8.216161578093611E-6,4.231264185585086E-6,-1.6717843004132486E-5,9.99832228371881E-6,6.795183152162774E-7,-7.088644849590278E-7,-4.515146031073877E-7,-4.582316459207617E-7,-7.652237183798573E-7,3.9408471739154734E-7,-1.557039727776375E-6,9.312077522800795E-7,0.0,0.0,0.0,0.0,0.0,0.0,0.0,0.0
41,5.624458461647118E-6,1.9261665472359968E-5,-5.816597514580912E-6,-1.2845392946679677E-5,3.397360137609934E-7,-2.2593537842807745E-6,-1.3758830127631434E-5,-1.0046529165237761E-5,5.238418179777308E-7,1.7939621969264615E-6,-5.417369578376865E-7,-1.196373666860688E-6,3.1641789568518305E-8,-2.1042807976745426E-7,-1.2814479183194573E-6,-9.356975677211605E-7,0.0,0.0,0.0,0.0,0.0,0.0,0.0,0.0
42,1.2493071021677059E-5,3.968022975230509E-7,-1.0982844498212731E-5,1.1559893784798772E-5,-1.1321289709953197E-5,7.669313975939295E-6,-6.944422613345108E-6,6.658121302257379E-6,1.163559670814494E-6,3.695673784993883E-8,-1.022902607917137E-6,1.0766469015965005E-6,-1.0544241768321307E-6,7.142923008886618E-7,-6.467785283528312E-7,6.201134546720674E-7,0.0,0.0,0.0,0.0,0.0,0.0,0.0,0.0
43,1.6175178659672884E-6,-1.1017814700634422E-5,-6.690585878789123E-6,-6.865499380049824E-8,-8.292225928633532E-6,1.1682822664987027E-5,-1.900186718665329E-5,-1.912367343520941E-8,1.5064979238293534E-7,-1.0261596067130525E-6,-6.231370884945483E-7,-6.394279018282897E-9,-7.723080782206846E-7,1.0880960550609182E-6,-1.7697655196468468E-6,-1.7811101131907426E-9,0.0,0.0,0.0,0.0,0.0,0.0,0.0,0.0
44,-6.861343108604988E-6,1.7072125850016533E-5,4.024620399303422E-6,-1.963884002627877E-5,2.067930320251567E-6,-6.54717768514403E-6,-1.614793002683689E-5,-1.0005279632146556E-6,-6.390408022920106E-7,1.5900363569345287E-6,3.748386588831634E-7,-1.829090877386757E-6,1.9259958728149682E-7,-6.097805654735372E-7,-1.50396008425242E-6,-9.318557346835665E-8,0.0,0.0,0.0,0.0,0.0,0.0,0.0,0.0
45,-8.164110691311677E-6,-1.1023277838531925E-5,-1.4669875348516298E-6,-1.0626422023999732E-5,-8.723065317135135E-6,5.284119361502003E-6,1.5025432303400682E-5,9.966219496689698E-6,-7.603758861227924E-7,-1.0266684237116133E-6,-1.3662993912551365E-7,-9.897067014766382E-7,-8.124349082220195E-7,4.921438591165867E-7,1.3994146863064201E-6,9.282178142383047E-7,0.0,0.0,0.0,0.0,0.0,0.0,0.0,0.0
46,1.2340764901190833E-5,8.652638136593382E-6,1.7130519735333196E-6,8.485102584281323E-6,1.3573550909477695E-5,-3.356721159017633E-6,5.797495066094047E-6,1.1852196233021307E-5,1.1493744269235515E-6,8.058755741033957E-7,1.5954749532380832E-7,7.90271915743206E-7,1.2641916787829043E-6,-3.126329274870234E-7,5.399578245379816E-7,1.1038708995908456E-6,0.0,0.0,0.0,0.0,0.0,0.0,0.0,0.0
47,4.238733793881815E-6,-2.78441789763484E-7,1.9161878838061954E-5,1.2494580901070401E-5,-8.991790169523077E-6,-1.0326199818429771E-5,-5.686449883515695E-6,1.4233973921224132E-5,3.947804098230456E-7,-2.5933066151852572E-8,1.784668428951252E-6,1.163700295549958E-6,-8.374629737992879E-7,-9.617450857897447E-7,-5.296154758990695E-7,1.3257011011511352E-6,0.0,0.0,0.0,0.0,0.0,0.0,0.0,0.0
48,-1.0156948867149526E-5,-1.1326287709947146E-6,7.942619892657143E-6,5.4122782788466704E-6,3.4007801726156678E-6,-4.5249728183311816E-6,2.4822689626844003E-8,7.676394654248586E-6,-9.459816613430596E-7,-1.0548896725626526E-7,7.397470303088706E-7,5.040801194178722E-7,3.167364254395592E-7,-4.2143968235004627E-7,2.311895971876522E-9,7.149517697817269E-7,0.0,0.0,0.0,0.0,0.0,0.0,0.0,0.0
49,9.04504878097346E-7,1.5384519986315823E-5,-5.284945331154625E-6,-5.211378514921713E-6,4.9392169276965204E-6,3.9272435338531E-6,6.642612940919134E-6,1.967286252475165E-6,8.424232891839605E-8,1.4328588206924183E-6,-4.922207869580056E-7,-4.853690384690553E-7,4.600208877796339E-7,3.657693280970316E-7,6.186690617129343E-7,1.8322596104374477E-7,0.0,0.0,0.0,0.0,0.0,0.0,0.0,0.0
50,-5.743061817786841E-6,-1.981301195945356E-6,2.2469754743525584E-6,-8.37879517927318E-6,4.7890132150229745E-6,3.5210360753151284E-6,-2.287835714154611E-6,-3.086282629526915E-6,-5.348881077020643E-7,-1.8453126243730386E-7,2.092752085328167E-7,-7.803708266535494E-7,4.4603145458291623E-7,3.2793662740101214E-7,-2.1308078420740913E-7,-2.8744525619220045E-7,0.0,0.0,0.0,0.0,0.0,0.0,0.0,0.0
51,2.0187833913047638E-6,-1.3657075502271137E-5,1.2687805512218881E-5,9.955935711065692E-6,1.6847895321176576E-6,6.301609434630505E-7,-6.50035839594954E-6,1.66073101820684E-5,1.8802221920471345E-7,-1.2719708587368653E-6,1.1816965403900993E-6,9.272600194534775E-7,1.5691523325298653E-7,5.8690922244437424E-8,-6.05419985382607E-7,1.5467450985465368E-6,0.0,0.0,0.0,0.0,0.0,0.0,0.0,0.0
52,-1.0692365153425865E-5,-7.1527154169521245E-6,2.9454061911727946E-6,1.0409401807086724E-5,-7.563893454808888E-6,-2.6732743437565894E-6,-5.617592381893078E-6,-1.030968489095441E-5,-9.958484072146185E-7,-6.661781704085281E-7,2.743245317570585E-7,9.69494219559776E-7,-7.044738129724594E-7,-2.489791509248682E-7,-5.232023360255532E-7,-9.602069448833591E-7,0.0,0.0,0.0,0.0,0.0,0.0,0.0,0.0
53,3.4777763848816294E-7,-3.334520372542268E-6,3.5363716822227406E-6,-1.6063499516114966E-5,-6.724396217701537E-6,1.0531845175846582E-5,-1.9721960199629008E-7,5.340960103587336E-6,3.23907575488628E-8,-3.105652261353409E-7,3.293649306319238E-7,-1.4960965303684264E-6,-6.262860617625843E-7,9.808981542351885E-7,-1.8368323907773236E-8,4.974378012555102E-7,0.0,0.0,0.0,0.0,0.0,0.0,0.0,0.0
54,2.1921322443545682E-6,-3.441951533641061E-6,6.214099426799773E-6,1.4049959348019611E-5,-9.544385546099317E-6,-7.226327881453186E-6,-7.1457665268040504E-6,-5.061420680220329E-6,2.0416730748095617E-7,-3.205709778262808E-7,5.787588552837455E-7,1.3085626460965472E-6,-8.889297183143662E-7,-6.730341704102559E-7,-6.655309757921729E-7,-4.7140250546131106E-7,0.0,0.0,0.0,0.0,0.0,0.0,0.0,0.0
55,-1.4766655161726051E-5,7.169183617038336E-6,-1.2332210634817233E-6,5.710124569533233E-6,4.204701349035239E-6,-6.514607349501315E-6,5.7581892903177315E-6,-1.6455699649590868E-5,-1.3753131147044823E-6,6.67711959292978E-7,-1.1485777133418306E-7,5.318204509456671E-7,3.9161075039763514E-7,-6.067470816370141E-7,5.362970260490569E-7,-1.5326246392192613E-6,0.0,0.0,0.0,0.0,0.0,0.0,0.0,0.0
56,-9.604979635287168E-6,1.8870721353300038E-6,-1.0709712797273767E-6,-1.0749878904108383E-6,-1.271335848364863E-5,1.2656030376745565E-5,-3.3798938436780624E-6,-7.692805351594763E-6,-8.945732336931452E-7,1.7575510687270013E-7,-9.974641043214708E-8,-1.0012050309454195E-7,-1.1840764521827488E-6,1.1787371186367767E-6,-3.1479114793631346E-7,-7.164802030676846E-7,0.0,0.0,0.0,0.0,0.0,0.0,0.0,0.0
57,1.0831312152181804E-5,9.79827704345587E-6,-1.1101692789978276E-6,4.30082079309767E-6,2.3240951648728574E-6,3.402301700522824E-6,-3.8732239960059104E-6,-8.638506197891496E-6,1.0087894305930154E-6,9.125762585890517E-7,-1.0339717100591747E-7,4.0056296947185697E-7,2.1645785894363987E-7,3.1687813507283316E-7,-3.607381427658966E-7,-8.045593761951494E-7,0.0,0.0,0.0,0.0,0.0,0.0,0.0,0.0
58,-1.6373542930137718E-7,-6.5893204165005974E-6,1.1631615144976953E-5,6.33228141488153E-6,1.8340788580282868E-5,-7.812427145311484E-6,-3.154213775856007E-7,1.4323225454022703E-5,-1.5249728579310516E-8,-6.13705587796322E-7,1.0833267709500408E-6,5.897659003015946E-7,1.7081950375498969E-6,-7.276213464009595E-7,-2.9377211868194732E-8,1.3340136676888387E-6,0.0,0.0,0.0,0.0,0.0,0.0,0.0,0.0
59,-6.964508099441135E-6,7.252103860860957E-6,4.7217210098651115E-6,5.44166747681234E-6,3.325483819897649E-6,1.608996980235372E-5,3.451140313406452E-6,4.180148029137496E-7,-6.486492182350662E-7,6.754348523608546E-7,4.3976410078856053E-7,5.068173235422347E-7,3.0972359414792023E-7,1.4985618775557665E-6,3.21426787698688E-7,3.893239425604928E-8,0.0,0.0,0.0,0.0,0.0,0.0,0.0,0.0
60,1.8796471044385783E-5,4.370444436684561E-6,2.235641932428904E-7,-4.145918587349815E-6,-4.2215511232994255E-6,9.651939964620722E-6,7.399085941509304E-6,-1.6004431586843755E-6,1.750635662197681E-6,4.070474650509874E-7,2.0821964322694818E-8,-3.861359355409205E-7,-3.931800777276083E-7,8.989469497523598E-7,6.891242343467259E-7,-1.4905951560276868E-7,0.0,0.0,0.0,0.0,0.0,0.0,0.0,0.0
61,1.1314792411450481E-5,9.494797479645135E-6,-1.5150479121936077E-5,-1.5617468170746328E-6,-1.1798642640828149E-5,-2.9567301761269526E-6,1.4966968227382398E-5,-1.952120153053741E-6,1.0538190418353396E-6,8.843112642766615E-7,-1.4110610969265414E-6,-1.454554776170212E-7,-1.0988831107605235E-6,-2.7537920695844494E-7,1.3939695526858964E-6,-1.8181344512748393E-7,0.0,0.0,0.0,0.0,0.0,0.0,0.0,0.0
62,4.765748949705553E-6,5.016373684210063E-6,2.5171230022014623E-5,-6.559144460576784E-6,-8.747813468100395E-7,-2.161077804238745E-6,1.2593851933464224E-5,-5.916479641742896E-6,4.438647046423456E-7,4.6720699038428397E-7,2.344357769810852E-6,-6.108951078679997E-7,-8.147398619311604E-8,-2.012750086945535E-7,1.1729460422174998E-6,-5.510396196736802E-7,0.0,0.0,0.0,0.0,0.0,0.0,0.0,0.0
63,-7.097801628773185E-6,1.978397641888358E-6,-7.227597608045261E-6,-8.03586719652871E-6,-6.1417056644074375E-6,3.3349325822417185E-6,-4.458550943773247E-6,1.610374833907601E-7,-6.610636978183955E-7,1.8426083586220526E-7,-6.73152428175667E-7,-7.484317485825608E-7,-5.720163608076617E-7,3.106036178659588E-7,-4.152533880144646E-7,1.499845160875957E-8,0.0,0.0,0.0,0.0,0.0,0.0,0.0,0.0
64,3.3339470348387516E-6,-5.562487685140335E-6,-4.833235894407934E-6,1.3253842038821956E-6,1.871444740452844E-5,6.650756274160734E-7,2.605742714097788E-6,1.46591729940458E-5,3.1051182752812536E-7,-5.180700828975666E-7,-4.5015019577798013E-7,1.23441514524386E-7,1.7429962755952166E-6,6.194275024628823E-8,2.4268949799339514E-7,1.365302612448371E-6,0.0,0.0,0.0,0.0,0.0,0.0,0.0,0.0
65,9.288536016859204E-6,8.656387325714314E-6,-6.739737159929052E-6,-1.1116258188347069E-5,8.603010697409156E-6,-1.545629677976754E-5,-2.4822026948441034E-6,4.867377183691761E-6,8.651008139969458E-7,8.062247600822684E-7,-6.277148619092927E-7,-1.035328278844507E-6,8.012534530297511E-7,-1.4395438529019372E-6,-2.3118342523845353E-7,4.533299925856765E-7,0.0,0.0,0.0,0.0,0.0,0.0,0.0,0.0
66,2.286767204890542E-6,3.1760351991589805E-6,-1.0021684640410712E-5,3.5040954499669922E-6,-3.230036941421846E-6,-1.0126368454709645E-6,1.0629323902254396E-5,-2.0004263746149534E-5,2.129812670963387E-7,2.958044875021614E-7,-9.333836380983303E-7,3.263588385282371E-7,-3.008340154060987E-7,-9.431335117845728E-8,9.899769719793611E-7,-1.8631251274459243E-6,0.0,0.0,0.0,0.0,0.0,0.0,0.0,0.0
67,-1.0371632614044655E-5,1.1499863890622967E-5,-1.2405164152605712E-5,-5.243553079257284E-6,-1.573497068588584E-5,1.4396946744738305E-5,-1.4499122936718404E-6,8.641642969397838E-6,-9.659765328565482E-7,1.0710559333106414E-6,-1.1553723414196838E-6,-4.883656615909809E-7,-1.465498537531108E-6,1.3408798033736703E-6,-1.350396126129604E-7,8.048515238018701E-7,0.0,0.0,0.0,0.0,0.0,0.0,0.0,0.0
68,-7.186031279364395E-7,4.383781737889877E-6,-1.8361840017439317E-6,-8.309620756773984E-6,5.846846500507926E-6,-1.8473436032003997E-6,3.54821161751029E-6,-2.5731699635908078E-5,-6.692810898976772E-8,4.0828965327920644E-7,-1.710155692636369E-7,-7.739281699109449E-7,5.44554239512679E-7,-1.7205493437977414E-7,3.304676595898959E-7,-2.3965578924446696E-6,0.0,0.0,0.0,0.0,0.0,0.0,0.0,0.0
69,-1.1143111252272975E-5,-6.612800611059023E-6,-3.1942946565808564E-6,6.258596761888152E-6,-2.612843286809965E-6,1.5917823514446594E-5,-3.681816993890936E-6,2.270471969589412E-5,-1.0378292765686777E-6,-6.158924486104029E-7,-2.9750510764333397E-7,5.82903176920673E-7,-2.4335081978306663E-7,1.4825287918754936E-6,-3.429111834878024E-7,2.1146358753205773E-6,0.0,0.0,0.0,0.0,0.0,0.0,0.0,0.0
70,-1.0155567423840514E-5,-2.875351835703992E-6,4.935530309688702E-6,8.272551992801704E-6,2.679584657596337E-6,-1.275788525071363E-5,5.230195641948395E-6,-3.2882573822904706E-6,-9.458529986846452E-7,-2.677999212233659E-7,4.5967752944685846E-7,7.704757186487479E-7,2.495668708434259E-7,-1.1882235150095198E-6,4.871215979550021E-7,-3.062564577316947E-7,0.0,0.0,0.0,0.0,0.0,0.0,0.0,0.0
71,-2.101934394088318E-5,-5.143694343755693E-6,8.895957689907426E-6,-4.563680037993355E-8,-1.2989885359167645E-5,2.225376388501449E-6,-8.00040813007898E-6,2.770462471511926E-6,-1.9576660433769907E-6,-4.790651783714274E-7,8.285374815602212E-7,-4.250447334899445E-9,-1.2098311701133144E-6,2.0726354741413613E-7,-7.451292187546825E-7,2.580309033523703E-7,0.0,0.0,0.0,0.0,0.0,0.0,0.0,0.0
72,5.88284913780284E-6,-1.1001118358194305E-5,1.0033898776835668E-5,1.0074755781592899E-5,-5.50081174679042E-6,3.4016083450236283E-6,-9.764524881771681E-6,7.417465010806286E-6,5.479073955772406E-7,-1.0246045694654114E-6,9.345212188023919E-7,9.383264931776639E-7,-5.123258079786831E-7,3.16813558436863E-7,-9.094327037289486E-7,6.908359947119288E-7,0.0,0.0,0.0,0.0,0.0,0.0,0.0,0.0
73,1.976485247662322E-6,9.273242536693898E-6,-1.656381780775379E-5,5.415813618597497E-6,-1.1502338669826813E-5,-1.1453317645509607E-5,7.002472206357376E-6,1.7647908336081402E-5,1.8408272234698063E-7,8.636764342953876E-7,-1.5426943753398352E-6,5.044093882381735E-7,-1.071286425336367E-6,-1.0667207835643969E-6,6.521850585171876E-7,1.643662665369073E-6,0.0,0.0,0.0,0.0,0.0,0.0,0.0,0.0
74,5.624375913257201E-6,3.5094255955142752E-6,1.2651433994240666E-5,-7.511592082865975E-6,-2.2544692241838463E-6,-2.522945538210468E-7,1.7130793148197064E-5,-2.0021767149458708E-6,5.238341297207322E-7,3.268552690998799E-7,1.1783090281126985E-6,-6.996026514284469E-7,-2.0997314942062572E-7,-2.3497806702909468E-8,1.5955004179324155E-6,-1.8647553314292522E-7,0.0,0.0,0.0,0.0,0.0,0.0,0.0,0.0
75,-3.3675297549929184E-6,7.218682496282364E-6,-9.336843915598355E-6,-3.853429795348281E-6,-6.389360014826363E-6,1.0583273304119834E-6,6.348794943327675E-6,-9.139071062620288E-6,-3.1363960121462706E-7,6.723221067528782E-7,-8.696000378173544E-7,-3.58894582157664E-7,-5.950819956662691E-7,9.856879850066897E-8,5.913039109056872E-7,-8.511801861001744E-7,0.0,0.0,0.0,0.0,0.0,0.0,0.0,0.0
76,-2.408451297385983E-6,5.779382203787063E-6,4.697791955923297E-6,-1.4589581565892596E-6,4.168665223649386E-6,-2.1368161649974096E-5,9.136630954468868E-6,-1.6204169084766993E-5,-2.2431448551793134E-7,5.382708577342732E-7,4.375354348268807E-7,-1.3588211172881222E-7,3.8825447537588027E-7,-1.9901536693619384E-6,8.509529232080602E-7,-1.5091979877009779E-6,0.0,0.0,0.0,0.0,0.0,0.0,0.0,0.0
77,4.269712468431899E-6,-1.2856639379741357E-5,4.97803527601179E-6,-1.4122913407572175E-5,1.8151635429565646E-6,9.762290177631734E-6,1.2262423926111438E-5,-7.080791988875686E-7,3.976656520755012E-7,-1.1974211191605843E-6,4.636362890325289E-7,-1.3153573246333567E-6,1.69057799393548E-7,9.092245714258763E-7,1.1420780304624166E-6,-6.594794811977013E-8,0.0,0.0,0.0,0.0,0.0,0.0,0.0,0.0
78,4.492474855944306E-6,2.385865656444723E-6,-3.473809896578394E-6,8.961716389044538E-6,-2.9206992066045637E-5,-1.54487905766981E-5,6.903551225572604E-6,-4.7591459038923145E-6,4.1841293910099996E-7,2.2221094021964236E-7,-3.2353815109156893E-7,8.346620101250715E-7,-2.7202341213766627E-6,-1.4388447521646401E-6,6.429719143939467E-7,-4.4324972071790536E-7,0.0,0.0,0.0,0.0,0.0,0.0,0.0,0.0
79,-1.2719546858814097E-6,-1.3259430901128425E-6,-1.9734450462974516E-5,2.634119801787913E-5,-9.586705440159893E-6,5.6547600606516945E-6,-3.588158591326606E-6,1.2125768050444213E-5,-1.1846528151715137E-7,-1.234935671760679E-7,-1.8379956893390636E-6,2.4533243780829626E-6,-8.928712409315E-7,5.26663999852622E-7,-3.341881769597418E-7,1.1293503940460362E-6,0.0,0.0,0.0,0.0,0.0,0.0,0.0,0.0
80,1.3624996574191734E-5,1.6877018105751142E-5,-1.5773135160739435E-5,-8.375824707543468E-7,2.389823451390659E-5,-1.565820898977635E-5,-1.2018955620807098E-5,-8.125468937416946E-6,1.2689831428352246E-6,1.5718647238484223E-6,-1.4690530393638293E-6,-7.800941676086694E-8,2.2257955498573115E-6,-1.4583492294338482E-6,-1.119402268781186E-6,-7.567769322405642E-7,0.0,0.0,0.0,0.0,0.0,0.0,0.0,0.0
81,-9.867237690860248E-7,-7.742542444601721E-6,9.359150348941953E-6,2.6716482147464657E-6,2.8482317767502046E-6,-7.680179259992642E-7,-2.3631795856605502E-6,-2.005245685153941E-6,-9.189990050892014E-8,-7.211125369006511E-7,8.716775787348189E-7,2.48827699121746E-7,2.65274056540142E-7,-7.153042543398131E-8,-2.2009804122635633E-7,-1.8676136598235807E-7,0.0,0.0,0.0,0.0,0.0,0.0,0.0,0.0
82,-2.768978289369576E-6,-7.141892373211442E-6,1.354318096255833E-5,1.2929981787844475E-6,6.7823983943347715E-6,-6.587302975692352E-6,2.7844261199905038E-6,3.0906903536395255E-6,-2.5789267196900245E-7,-6.651701510673845E-7,1.2613631312320359E-6,1.2042519670805548E-7,6.316881757389735E-7,-6.135176906196577E-7,2.5933142731427725E-7,2.878557757525351E-7,0.0,0.0,0.0,0.0,0.0,0.0,0.0,0.0
83,-9.115469664581457E-6,6.790994457511484E-6,6.540632186330625E-6,5.903840596697065E-6,-2.8547958745876298E-6,1.3143588060821973E-6,2.3565497134677884E-6,-7.138244866276071E-6,-8.489820368313543E-7,6.324887821246687E-7,6.091709412726826E-7,5.498624645075741E-7,-2.6588541298772415E-7,1.2241464865497897E-7,2.194805587920573E-7,-6.64830435399213E-7,0.0,0.0,0.0,0.0,0.0,0.0,0.0,0.0
84,1.3182894429314122E-5,2.982744623419738E-6,-7.3388649722032216E-6,-4.417185968192158E-6,1.3543055749822136E-5,2.3408899730797836E-6,-1.29632024900372E-5,5.067072857278298E-6,1.2278073402424097E-6,2.7780209895029886E-7,-6.83515470008047E-7,-4.1140080306660203E-7,1.2613514693683763E-6,2.1802206693364846E-7,-1.2073460237172188E-6,4.719289288910074E-7,0.0,0.0,0.0,0.0,0.0,0.0,0.0,0.0
85,-6.243807077130963E-6,2.0634054311597472E-5,5.283148880212352E-6,-5.572847597331649E-6,-2.581463488407179E-6,5.765723771012051E-6,-1.487885957617601E-6,-8.136193873640344E-6,-5.815257189142979E-7,1.9217815540089724E-6,4.920534719833164E-7,-5.19034967832238E-7,-2.4042821829614213E-7,5.369987604634172E-7,-1.3857634300220936E-7,-7.577758142014967E-7,0.0,0.0,0.0,0.0,0.0,0.0,0.0,0.0
86,-1.2729890493817793E-6,6.890074745799901E-6,-1.544579937191458E-5,4.532573300449739E-6,4.467260596410582E-6,9.854745403330036E-6,6.171954180086974E-6,-3.0166095503076582E-6,-1.1856161841105832E-7,6.417167635732489E-7,-1.4385661621150412E-6,4.2214756389948515E-7,4.16064573714024E-7,9.178355183914319E-7,5.748335986898909E-7,-2.8095615635660365E-7,0.0,0.0,0.0,0.0,0.0,0.0,0.0,0.0
87,9.10744520719057E-6,7.156332793643145E-6,3.7453712079051432E-6,6.924102295932738E-6,6.832962963571688E-6,-7.890840827200648E-6,5.249752590893529E-7,-2.835115813418479E-6,8.482346677507926E-7,6.665150798531972E-7,3.488303942397967E-7,6.44885967123521E-7,6.363975777294207E-7,-7.349245145115871E-7,4.889430617927673E-8,-2.640524829215656E-7,0.0,0.0,0.0,0.0,0.0,0.0,0.0,0.0
88,-6.01712815334367E-6,-1.3939510465197534E-6,1.260135099232574E-6,-5.049560026744925E-6,3.033050348450618E-6,7.931411533261349E-6,3.061775828931373E-6,3.71296237396978E-6,-5.604136597979886E-7,-1.2982758346790244E-7,1.1736444775744226E-7,-4.7029784688597634E-7,2.824873931232294E-7,7.387031240550892E-7,2.8516278098856757E-7,3.4581195209002455E-7,0.0,0.0,0.0,0.0,0.0,0.0,0.0,0.0
89,-3.1089344367167563E-6,1.2127219584529622E-5,1.81791453127284E-5,-1.9181290981075591E-7,8.349653192510559E-6,3.2760083145201853E-6,-2.4145196512787444E-5,3.982741002763936E-6,-2.8955496398881424E-7,1.1294855847042604E-6,1.6931401653858598E-6,-1.786476406078888E-8,7.776566468933232E-7,3.051156236464469E-7,-2.2487967015853398E-6,3.7093816260808407E-7,0.0,0.0,0.0,0.0,0.0,0.0,0.0,0.0
90,-1.0722848884878559E-5,-7.353945443516893E-6,-3.917547776832254E-6,-1.4916833968101324E-5,1.5622480982628987E-5,-5.968152964503726E-6,9.424638849668268E-6,-6.8554490712097265E-6,-9.986875522486228E-7,-6.849200108296387E-7,-3.6486630018437793E-7,-1.3893002282173965E-6,1.4550216514376671E-6,-5.55852286976737E-7,8.777769419912087E-7,-6.384918528644409E-7,0.0,0.0,0.0,0.0,0.0,0.0,0.0,0.0
91,-5.201560719672133E-6,8.23619437009222E-6,9.662871726415399E-6,-1.4563011471460212E-5,7.316246238426723E-6,1.8495856550927463E-6,-1.00174387241058E-5,-5.08956700894769E-6,-4.84454644355538E-7,7.670895005254524E-7,8.999650947011964E-7,-1.3563464743321456E-6,6.814088425517738E-7,1.7226375102270084E-7,-9.329881887346237E-7,-4.7402395321818896E-7,0.0,0.0,0.0,0.0,0.0,0.0,0.0,0.0
92,-5.879077146307367E-7,-1.3794422418366122E-5,3.878937373807698E-6,-8.186399478361338E-6,-6.544555265657118E-6,1.9007690943558498E-6,2.035090470772604E-5,-1.3627532750253747E-6,-5.475560858694405E-8,-1.2847628561769654E-6,3.6127026621072927E-7,-7.624517835277238E-7,-6.095363227612179E-7,1.7703079234006693E-7,1.8954100189985356E-6,-1.269219353148576E-7,0.0,0.0,0.0,0.0,0.0,0.0,0.0,0.0
93,-6.36324748921135E-6,5.3661724682575015E-6,2.4550009412920143E-6,5.042596669959622E-6,-2.8685036793083463E-6,2.020125742535329E-6,7.523519701737222E-7,7.279038157384992E-6,-5.926499690110522E-7,4.997859901530173E-7,2.2864995181014496E-7,4.696493048987669E-7,-2.6716210858351024E-7,1.881472409742185E-7,7.00713546919404E-8,6.779434158000197E-7,0.0,0.0,0.0,0.0,0.0,0.0,0.0,0.0
94,1.576902603197878E-5,3.7045079838735715E-6,-1.2172876720270402E-5,-9.09616534084122E-6,-1.2679107359314894E-5,-8.001419832454846E-6,7.3921113472292746E-6,1.6894785500488636E-5,1.4686703298993235E-6,3.450245406273887E-7,-1.1337379260028208E-6,-8.471841015974356E-7,-1.18088642573631E-6,-7.45223445073506E-7,6.884746457371079E-7,1.5735195150461364E-6,0.0,0.0,0.0,0.0,0.0,0.0,0.0,0.0
95,4.889021358442659E-6,-9.64111919700975E-6,-1.4542274528964952E-5,-1.8776613461430133E-6,-1.0578761257745737E-5,-1.2490645319982198E-5,1.5877001255714253E-5,-5.415155766501322E-6,4.5534585311921444E-7,-8.979391424021728E-7,-1.354415110142922E-6,-1.7487861983925868E-7,-9.852677492471178E-7,-1.1633337496913403E-6,1.4787267536221255E-6,-5.043481182616518E-7,0.0,0.0,0.0,0.0,0.0,0.0,0.0,0.0
96,-1.0568229632973668E-5,2.2740710311274073E-6,-3.579074281571367E-6,-7.916270048677613E-6,-5.015852761166939E-6,3.591598844607589E-6,3.1335780672171963E-6,-1.1277213383742625E-5,-9.842868716204569E-7,2.1179879117004135E-7,-3.333420970446688E-7,-7.372929006769851E-7,-4.6715847348678955E-7,3.3450858976837854E-7,2.918501830369283E-7,-1.0503190664449102E-6,0.0,0.0,0.0,0.0,0.0,0.0,0.0,0.0
97,-1.2371178994138127E-5,-2.089544538564597E-6,-6.363881063095339E-6,2.830796055641777E-6,-8.668935225333683E-6,-2.7279328067370842E-6,5.535351759530262E-6,5.228110189068717E-6,-1.1522070860765902E-6,-1.9461265778691057E-7,-5.927089778040951E-7,2.6365015622954126E-7,-8.073934262935878E-7,-2.5406984344439516E-7,5.155427404517671E-7,4.869273663802386E-7,0.0,0.0,0.0,0.0,0.0,0.0,0.0,0.0
98,3.4463837164524142E-6,2.8130047012290195E-6,-2.637565730836585E-6,-9.833116725817153E-6,-6.327667588450066E-6,5.2278127362798925E-6,1.8945232177851007E-5,5.276677253880652E-6,3.209837753815154E-7,2.6199313351325047E-7,-2.456533792396473E-7,-9.158211012146483E-7,-5.893361851137404E-7,4.868996626972838E-7,1.7644907387614175E-6,4.914507280025939E-7,0.0,0.0,0.0,0.0,0.0,0.0,0.0,0.0
99,1.924008354769671E-6,2.6228405427612536E-7,-6.117476416867691E-6,1.8248105222091344E-5,-4.446422917945415E-6,4.468533743889222E-6,-1.288010612571574E-5,-1.5833477384059338E-5,1.7919521341704092E-7,2.4428192822581654E-8,-5.697597359001782E-7,1.6995628431435583E-6,-4.1412382734152974E-7,4.161831500865577E-7,-1.1996067274145848E-6,-1.4746730968564704E-6,0.0,0.0,0.0,0.0,0.0,0.0,0.0,0.0
100,-3.6298862441666337E-6,-6.095365608834049E-6,-6.936944515861733E-6,4.548535340766118E-6,-3.272242703546439E-8,-8.046734684070993E-6,-7.85831078584757E-6,-3.7609557817129875E-6,-3.380745403638414E-7,-5.677004148155374E-7,-6.460820452654345E-7,4.2363421088737423E-7,-3.0476490809967025E-9,-7.494439072581284E-7,-7.318947835419344E-7,-3.502818853577826E-7,0.0,0.0,0.0,0.0,0.0,0.0,0.0,0.0
101,-1.732588926375234E-5,-8.834563174330569E-6,5.3567950478049215E-6,-2.143963285015961E-6,2.2222577293381617E-7,-1.545089722846023E-5,-2.6401873649753975E-6,-6.692033279863766E-7,-1.6136709679609071E-6,-8.22819417347426E-7,4.989126109709523E-7,-1.9968102396989638E-7,2.069730867307755E-8,-1.4390409581255523E-6,-2.458975488071889E-7,-6.232718942430242E-8,0.0,0.0,0.0,0.0,0.0,0.0,0.0,0.0
102,1.7999123913970534E-5,1.233318596515779E-6,9.028002474442322E-6,8.563752263204565E-6,8.700086264849318E-6,3.281745584718795E-6,-3.249587734790945E-6,1.6603979746089986E-5,1.6763736202242818E-6,1.1486685520988977E-7,8.408356575472368E-7,7.975970637678259E-7,8.102947219976084E-7,3.056499723434482E-7,-3.026549059414518E-7,1.5464349137279503E-6,0.0,0.0,0.0,0.0,0.0,0.0,0.0,0.0
103,1.6860287484075191E-6,6.246513253580912E-6,1.4799039948163253E-5,-9.598711106371525E-7,2.2960558523408413E-6,9.565841080571491E-6,2.316463736267156E-6,1.0796862882007621E-5,1.570306493959154E-7,5.817777624474881E-7,1.3783293171560374E-6,-8.939894054710517E-8,2.1384637829175924E-7,8.909280095729018E-7,2.1574709514989525E-7,1.0055809495552189E-6,0.0,0.0,0.0,0.0,0.0,0.0,0.0,0.0
104,-3.5634063748492544E-6,1.2108017257239288E-7,-7.198315091702894E-6,-7.209348889291788E-6,8.641712245513552E-6,6.709840714062416E-6,-9.769324247834231E-6,4.177660485079693E-6,-3.3188284460333355E-7,1.1276971490546498E-8,-6.704251599950497E-7,-6.714528081904474E-7,8.048579759320732E-7,6.249304145426313E-7,-9.098796994100365E-7,3.8909226165205485E-7,0.0,0.0,0.0,0.0,0.0,0.0,0.0,0.0
105,9.11947218431139E-6,2.3788146065988466E-7,-3.520714030533386E-6,1.1597828182765249E-5,-2.698689636489325E-6,1.0903664238237156E-5,1.4538329777412367E-5,-7.715426816638786E-6,8.493548171133515E-7,2.2155423080418752E-8,-3.2790663330898506E-7,1.0801799748925953E-6,-2.513462398174273E-7,1.0155280434831114E-6,1.3540477101811468E-6,-7.185870849049155E-7,0.0,0.0,0.0,0.0,0.0,0.0,0.0,0.0
106,-3.0346061333883212E-6,-8.68317226867371E-6,9.77588941037389E-6,1.301664201784949E-5,-2.042460476251075E-5,-5.191486789760393E-6,-5.93757389715117E-6,8.36044360460639E-6,-2.8263229333059764E-7,-8.087194132694382E-7,9.104911550194678E-7,1.2123231890024928E-6,-1.9022741768454032E-6,-4.8351639478146E-7,-5.53004262700836E-7,7.786616270398459E-7,0.0,0.0,0.0,0.0,0.0,0.0,0.0,0.0
107,-4.730515125252638E-6,7.000725871066262E-6,-1.0182325738831448E-5,2.2309094783830347E-5,-1.3984126011481742E-5,8.013670522117152E-6,-4.07002860177111E-6,-5.930406771994801E-6,-4.4058315304392755E-7,6.520224111335185E-7,-9.483451718369607E-7,2.0777887949130376E-6,-1.3024311660717172E-6,7.463644302165043E-7,-3.7906781542139723E-7,-5.523367424597745E-7,0.0,0.0,0.0,0.0,0.0,0.0,0.0,0.0
108,7.371622617712207E-6,2.0276055070948866E-5,-1.1494970749423365E-5,-5.065777076346682E-6,-6.071694759712857E-6,-5.318437919779011E-6,9.815865104552625E-7,1.756518882830731E-5,6.8656639921193E-7,1.8884387932222386E-6,-1.070600203748134E-6,-4.7180824451868345E-7,-5.654957971224992E-7,-4.953401661177218E-7,9.142143472984878E-8,1.6359584681329653E-6,0.0,0.0,0.0,0.0,0.0,0.0,0.0,0.0
109,3.6561336652470665E-6,-1.4005888250459645E-5,8.950402043978784E-6,1.4906069614950513E-6,-6.46700044626935E-6,1.837069083123992E-6,2.997338443761741E-6,-5.791999482129103E-6,3.4051913069372655E-7,-1.3044580226850694E-6,8.33608232747527E-7,1.388297675107109E-7,-6.023131460132233E-7,1.7109800255827698E-7,2.791613148519185E-7,-5.394459856270113E-7,0.0,0.0,0.0,0.0,0.0,0.0,0.0,0.0
110,-4.940273870705084E-6,-8.823813005754781E-6,1.2405470612116493E-6,-2.841025249852149E-6,2.3509084900675914E-5,3.862939244715582E-6,4.332034550046385E-6,-2.2438055961212587E-6,-4.601193276464597E-7,-8.218181853372829E-7,1.1554008839543458E-7,-2.646028665619648E-7,2.189551555479874E-6,3.597802580456649E-7,4.0347010645129435E-7,-2.089799774827695E-7,0.0,0.0,0.0,0.0,0.0,0.0,0.0,0.0
111,1.5568168192377086E-5,3.322392292464332E-6,-3.538341434795687E-6,-1.9396757399101138E-5,-3.361331993789385E-6,5.809296765027535E-6,1.4885014914711746E-5,5.2856208872080185E-6,1.4499631536345375E-6,3.094356604102236E-7,-3.295483862989312E-7,-1.8065441727692856E-6,-3.130623640426578E-7,5.410569922998285E-7,1.3863367161057078E-6,4.922837058163453E-7,0.0,0.0,0.0,0.0,0.0,0.0,0.0,0.0
112,-7.997866206294783E-6,-1.2494169217252067E-5,-6.753898500042978E-7,-6.596360165249609E-6,-1.4689011245038843E-6,-9.207729551874721E-6,-2.577438924187836E-7,3.370683532762784E-6,-7.448924731224879E-7,-1.1636619528000586E-6,-6.290337981594161E-8,-6.143612446570424E-7,-1.368081639754139E-7,-8.575747906787482E-7,-2.400533848701996E-8,3.1393333272528834E-7,0.0,0.0,0.0,0.0,0.0,0.0,0.0,0.0
113,-1.1180903740306984E-5,-8.451840065472876E-6,-3.1079057652198254E-6,-3.7867945144157777E-6,-1.1837551779526022E-6,3.890446647072631E-6,-8.817676330928994E-7,-4.681967778946145E-6,-1.0413491328856037E-6,-7.871739644570772E-7,-2.894591572267923E-7,-3.5268841192034897E-7,-1.1025069678994068E-7,3.623421984987906E-7,-8.212466375304049E-8,-4.360616279370503E-7,0.0,0.0,0.0,0.0,0.0,0.0,0.0,0.0
114,-2.0354932260462696E-6,-7.92601672003992E-6,4.754339372251775E-6,-1.0118673496412764E-5,1.4581576420050386E-5,-1.3031184483016863E-5,9.826586844519723E-6,-6.911370765100413E-6,-1.8957851307643656E-7,-7.382006705681629E-7,4.4280205766298E-7,-9.424168310705434E-7,1.3580755468262376E-6,-1.2136776218675618E-6,9.152129315700248E-7,-6.437001981641856E-7,0.0,0.0,0.0,0.0,0.0,0.0,0.0,0.0
115,-2.1660492882640966E-6,-9.123205862903124E-6,-5.880362199090532E-6,9.76760387076643E-6,1.1756146881091744E-5,-2.0571599425172767E-5,5.454048276013456E-6,4.263126524624311E-6,-2.0173803482385886E-7,-8.497025584993463E-7,-5.476757710561913E-7,9.097194696817713E-7,1.0949252086457884E-6,-1.9159647306730373E-6,5.07970426618511E-7,3.970522609721409E-7,0.0,0.0,0.0,0.0,0.0,0.0,0.0,0.0
116,7.200371418377692E-7,6.435442426902095E-6,8.782979461484284E-7,-1.536455512136271E-6,1.2107069535524094E-5,-8.510926367694778E-6,1.2665201629849642E-6,1.5773747465111814E-6,6.706166788590912E-8,5.993739456706545E-7,8.180150959891751E-8,-1.430999365027465E-7,1.1276088816646137E-6,-7.926770499868777E-7,1.1795912961420065E-7,1.4691100671891636E-7,0.0,0.0,0.0,0.0,0.0,0.0,0.0,0.0
117,1.8412212156796328E-5,1.3475203655638286E-5,-1.4889478397043653E-5,7.871641415603587E-6,5.012012585900093E-6,-5.591119212742844E-6,4.722389304383709E-6,-2.291027106340279E-5,1.71484717240423E-6,1.255031969524362E-6,-1.3867524287852273E-6,7.331363504165217E-7,4.6680081338370694E-7,-5.207367203297844E-7,4.398263433340728E-7,-2.1337801898829385E-6,0.0,0.0,0.0,0.0,0.0,0.0,0.0,0.0
118,-6.436187489298954E-6,-3.3568758778553356E-6,6.63875517964118E-6,1.3580880172764038E-6,-3.675638348369658E-8,-9.60966029527365E-7,5.286742922093718E-6,-1.0156199543246702E-5,-5.994433381007352E-7,-3.126473374427139E-7,6.183097637124718E-7,1.2648742999862986E-7,-3.423357266799763E-9,-8.950091735192848E-8,4.923882081075668E-7,-9.459118720116722E-7,0.0,0.0,0.0,0.0,0.0,0.0,0.0,0.0
119,-6.7525512649888E-7,4.4244450165149784E-6,-1.0535252481039302E-5,3.1689728674376045E-7,1.272988364313067E-5,-8.983556146284527E-6,5.968453082726478E-6,-5.377934728131213E-6,-6.289083215346199E-8,4.1207688470115603E-7,-9.812154983782357E-7,2.9514672733925033E-8,1.1856155460603704E-6,-8.366960865105053E-7,5.558802389078457E-7,-5.008814847110642E-7,0.0,0.0,0.0,0.0,0.0,0.0,0.0,0.0
120,-3.69965125915941E-7,4.9767825901470586E-6,1.3305807473369094E-5,-1.1372609978551104E-6,-3.1665638140763153E-6,-1.0205974054773513E-5,-1.9658163924754164E-6,1.3995346213268619E-5,-3.44572202766821E-8,4.6351961837647814E-7,1.2392550187861063E-6,-1.0592039619412934E-7,-2.9492235677951766E-7,-9.505476908704452E-7,-1.8308906357341417E-7,1.3034761752832431E-6,0.0,0.0,0.0,0.0,0.0,0.0,0.0,0.0
121,-1.0153918591280418E-5,3.4643009100763195E-6,9.340448480436328E-6,-1.8770469002235782E-5,3.1700684888687066E-7,1.2462662055068795E-6,6.371761241151075E-6,2.8763537024572254E-5,-9.456994323548957E-7,3.2265251830750247E-7,8.699357540127266E-7,-1.7482139255769134E-6,2.952487695759155E-8,1.1607274891121877E-7,5.934429092264552E-7,2.6789323148619877E-6,0.0,0.0,0.0,0.0,0.0,0.0,0.0,0.0
122,3.5044119041894294E-6,-2.064357893820221E-6,-2.186671468847577E-5,-2.365467446775552E-6,3.33484355956746E-6,4.680363298637948E-6,-8.193773018540729E-7,1.4030419753836616E-5,3.263883119348356E-7,-1.922668643453308E-7,-2.036587105013625E-6,-2.203111243761974E-7,3.105953266144812E-7,4.3591219241573743E-7,-7.631385285215882E-8,1.3067427986175922E-6,0.0,0.0,0.0,0.0,0.0,0.0,0.0,0.0
123,-1.1587930624102397E-5,-9.971109035783777E-6,-8.36738392060188E-6,-1.759602024123622E-5,-7.4392243694858476E-6,-2.949030831252801E-6,-4.300160859617811E-6,8.428579105800968E-6,-1.0792581519013577E-6,-9.286732083107166E-7,-7.793080230921457E-7,-1.6388299949670158E-6,-6.928625830647772E-7,-2.746621176880571E-7,-4.0050150564214693E-7,7.850075223923731E-7,0.0,0.0,0.0,0.0,0.0,0.0,0.0,0.0
124,-7.65886877437603E-6,5.367272193924273E-6,-1.1242221804960194E-5,-2.9510879574983224E-6,-1.0270317678266597E-5,-1.2400038111407877E-5,-1.142383951547904E-5,1.0090506620983478E-5,-7.133194724082371E-7,4.998884146508339E-7,-1.0470600767362335E-6,-2.7485371102268764E-7,-9.565404243818295E-7,-1.1548949203914986E-6,-1.0639752966288492E-6,9.397934696692073E-7,0.0,0.0,0.0,0.0,0.0,0.0,0.0,0.0
125,6.2709127607389635E-6,-3.6116098873833726E-5,2.180583113809777E-6,-8.101050191383887E-7,7.108742096607878E-6,3.850875230104179E-6,-8.064780572366903E-6,-1.1993770871686819E-5,5.840502447273823E-7,-3.3637234627024426E-6,2.030916630258889E-7,-7.545026581213396E-8,6.620826536164113E-7,3.586566591449929E-7,-7.511246363452401E-7,-1.117056651891041E-6,0.0,0.0,0.0,0.0,0.0,0.0,0.0,0.0
126,-7.779864217314356E-6,9.634156488997543E-6,-6.095325812286869E-6,-1.2723929461632174E-6,-4.4877562421213975E-6,5.720850053021774E-7,-3.6083588777126968E-6,1.2082731664707845E-6,-7.245885524855858E-7,8.972906608378687E-7,-5.676967083081036E-7,-1.185060995025319E-7,-4.1797346438903116E-7,5.3281938387545393E-8,-3.360695589303072E-7,1.1253421399717896E-7,0.0,0.0,0.0,0.0,0.0,0.0,0.0,0.0
127,1.0414572150837154E-5,-6.843353541445552E-6,6.029852095533537E-6,-1.7388811098579584E-5,-4.2232564142306364E-6,-8.35741179760272E-6,5.839017151211983E-6,7.366053249340079E-6,9.699757667668702E-7,-6.3736531875556E-7,5.615987219778872E-7,-1.6195312811919103E-6,-3.933389023876122E-7,-7.783792554468805E-7,5.43825042102853E-7,6.860476882865281E-7,0.0,0.0,0.0,0.0,0.0,0.0,0.0,0.0
128,6.012992173396959E-6,5.235490544013597E-6,1.1161105462721833E-5,1.737151123718109E-6,7.205166701002944E-6,1.072632312791119E-5,-2.5443467139301954E-6,5.315722244711246E-6,5.600284495112032E-7,4.876147460769767E-7,1.0395051925681054E-6,1.6179200343659433E-7,6.710632942254248E-7,9.99011130740384E-7,-2.369712955099102E-7,4.950872379158996E-7,0.0,0.0,0.0,0.0,0.0,0.0,0.0,0.0
129,7.134010817929265E-6,-3.203767328052963E-6,4.8732122408486E-6,1.1591928091134733E-6,-7.638044126168091E-6,1.2375573676860427E-5,1.4782260298345692E-5,5.397054418412826E-6,6.644360913750659E-7,-2.983873581711473E-7,4.5387344880559375E-7,1.079630461593635E-7,-7.113799396247171E-7,1.152616391008272E-6,1.3767665209640194E-6,5.026622238496917E-7,0.0,0.0,0.0,0.0,0.0,0.0,0.0,0.0
130,1.885970728131797E-6,-1.7518408975638817E-5,7.102715828258428E-6,1.732732200603721E-5,2.551364782313073E-5,-1.716662459114682E-5,6.828669197498088E-6,-1.7049563006952388E-5,1.7565252577134194E-7,-1.631601561022033E-6,6.61521388671613E-7,1.6138044084195719E-6,2.3762493314018935E-6,-1.5988376295670732E-6,6.35997671811126E-7,-1.587934934934542E-6,0.0,0.0,0.0,0.0,0.0,0.0,0.0,0.0
131,-9.520485258772706E-6,1.075821896445532E-5,6.436619335581481E-7,3.478247671130804E-6,-7.547108626621798E-6,-2.305759504254539E-6,9.297320415301507E-6,-5.8931318610771925E-6,-8.867037315716191E-7,1.0019817941590323E-6,5.994835587089263E-8,3.239514694360154E-7,-7.029105344853351E-7,-2.147501415063938E-7,8.659189612494614E-7,-5.488650914140552E-7,0.0,0.0,0.0,0.0,0.0,0.0,0.0,0.0
132,-9.443592523290975E-6,1.519074161898375E-5,-7.043622469178246E-6,-8.012563717358384E-6,-9.327356175106757E-7,2.121785660975086E-6,9.289825836506151E-6,-4.82438414331984E-7,-8.795422189358049E-7,1.4148110009923146E-6,-6.560176458913834E-7,-7.462613464048279E-7,-8.687163838152092E-8,1.9761547988836488E-7,8.652209431543723E-7,-4.4932577554021087E-8,0.0,0.0,0.0,0.0,0.0,0.0,0.0,0.0
133,1.32932206810103E-5,-2.5068245941232424E-6,1.1751027538148129E-7,3.5935114889703586E-6,1.0825078529829299E-5,8.578693974365938E-8,-2.6481624656215104E-6,1.405209529995493E-6,1.2380827302475018E-6,-2.3347662031795284E-7,1.0944484114661542E-8,3.3468672658054084E-7,1.0082088534419337E-6,7.989886809546554E-9,-2.4664032097641176E-7,1.3087615809697048E-7,0.0,0.0,0.0,0.0,0.0,0.0,0.0,0.0
134,1.6976103794364914E-6,6.0041293775551005E-6,-1.3961720011851944E-5,-3.7370477171508686E-6,1.483014589017048E-6,8.415764134614343E-6,-9.77350941790432E-6,5.16403518111342E-7,1.5810932082648477E-7,5.592030006046829E-7,-1.3003443519082445E-6,-3.480551742681374E-7,1.3812264126402892E-7,7.838139820986626E-7,-9.102694910874167E-7,4.809596507531073E-8,0.0,0.0,0.0,0.0,0.0,0.0,0.0,0.0
135,3.822688437707645E-6,-1.1963628037660677E-5,1.1649508488449992E-5,8.373049731743704E-6,6.374833803036994E-6,-6.858348192398837E-6,1.9399920331535284E-6,-6.779209719662656E-6,3.5603144274891613E-7,-1.1142492568177087E-6,1.0849932925602128E-6,7.798357163498875E-7,5.937290765819607E-7,-6.387618665776251E-7,1.8068387569128492E-7,-6.313911940564018E-7,0.0,0.0,0.0,0.0,0.0,0.0,0.0,0.0
136,1.1534233344096207E-5,-9.38235647768814E-6,-1.59753696396335E-6,2.0086749958663866E-5,3.2413829966169836E-6,-1.0200691157736328E-5,1.0095643386086685E-5,4.1601600569727914E-6,1.0742569805048802E-6,-8.738389140445888E-7,-1.4878884308601488E-7,1.8708075963970412E-6,3.018907461576544E-7,-9.500556608542771E-7,9.402718894830544E-7,3.8746233476438694E-7,0.0,0.0,0.0,0.0,0.0,0.0,0.0,0.0
137,-2.8222076751939124E-6,-1.3220966921502288E-5,-1.08132331828166E-5,2.082646630684659E-5,9.734530827650238E-6,4.962278890553703E-6,-1.3259910544133554E-5,-1.2053561141607233E-5,-2.628502653852052E-7,-1.231353275137089E-6,-1.0071056204540799E-6,1.9397021147341396E-6,9.066391654800444E-7,4.621687959969585E-7,-1.2349803439859366E-6,-1.1226253024386874E-6,0.0,0.0,0.0,0.0,0.0,0.0,0.0,0.0
138,-2.2525790651106907E-6,2.625804912613503E-6,-5.627285898097629E-6,-1.1298778577975004E-6,1.979358472436134E-6,-2.5680780492236234E-6,-7.383637321110394E-6,-5.27327369985549E-7,-2.0979710680748892E-7,2.4455801895693084E-7,-5.241051552353474E-7,-1.0523275710197449E-7,1.8435032416128613E-7,-2.3918154666710086E-7,-6.876854054438992E-7,-4.9113373322579244E-8,0.0,0.0,0.0,0.0,0.0,0.0,0.0,0.0
139,8.339197472208188E-6,8.656622399167935E-6,1.2387651289407354E-5,-1.0082969029197695E-6,3.3106439009185116E-6,1.0404657663075644E-5,4.65376057638485E-7,-8.990093151641603E-6,7.76682838735372E-7,8.06246653979929E-7,1.1537412563720906E-6,-9.390914454989656E-8,3.0834145750554744E-7,9.690523670603389E-7,4.334345106117671E-8,-8.373049196619267E-7,0.0,0.0,0.0,0.0,0.0,0.0,0.0,0.0
140,-8.824081998141049E-6,1.8095991876528437E-5,-1.6439134683170168E-5,-3.843416455432154E-6,-1.149497917992914E-5,1.6347548680858023E-5,5.1123849091414475E-6,-5.3275834331564326E-6,-8.218432383199747E-7,1.6853955536170072E-6,-1.5310818378661565E-6,-3.579619757171503E-7,-1.0706009889350858E-6,1.5225518472403805E-6,4.7614913031773133E-7,-4.961919463177904E-7,0.0,0.0,0.0,0.0,0.0,0.0,0.0,0.0
141,-9.256208844778837E-6,8.181922562391477E-7,-5.719752801657254E-6,-1.282934843315543E-6,-3.06054342799544E-6,8.207075535493023E-6,5.226880576896599E-6,-7.0990320024919355E-6,-8.620899775366717E-7,7.620348196873057E-8,-5.327171898328115E-7,-1.194879338616859E-7,-2.8504799960071743E-7,7.643774770732377E-7,4.868128447280598E-7,-6.611782903983107E-7,0.0,0.0,0.0,0.0,0.0,0.0,0.0,0.0
142,1.735229892315241E-5,-1.1801078188100001E-5,1.5713870862468022E-6,3.5462807652745194E-6,1.0501112925546897E-5,7.38112320903726E-6,1.0259749102222775E-5,-8.42036576872673E-6,1.6161306685846062E-6,-1.0991099488670842E-6,1.463533375922063E-7,3.302878269648132E-7,9.780358630522405E-7,6.874512500939819E-7,9.555561052467567E-7,-7.842425617381297E-7,0.0,0.0,0.0,0.0,0.0,0.0,0.0,0.0
143,1.0541953194289E-5,8.12555152285801E-6,1.2438374214370666E-5,-8.488012596283968E-6,6.140485473894253E-6,-6.353583447835694E-6,1.5918954342102807E-6,-2.4384138077346346E-5,9.818395786938363E-7,7.567846239516599E-7,1.158465407044927E-6,-7.905429437872562E-7,5.719027166548798E-7,-5.917498949813623E-7,1.482634113094191E-7,-2.2710508589279593E-6,0.0,0.0,0.0,0.0,0.0,0.0,0.0,0.0
144,6.317825614334292E-6,1.1058883631126443E-5,2.4127275065670797E-5,-6.648738565611764E-6,-1.5611437027885105E-6,-1.7595517040065893E-5,-1.8716895247195327E-5,-1.4767368316868297E-6,5.884195390658585E-7,1.029984619082624E-6,2.247127562502924E-6,-6.192395803503076E-7,-1.4539930572414216E-7,-1.6387831286210938E-6,-1.7432242588511826E-6,-1.3753795354073033E-7,0.0,0.0,0.0,0.0,0.0,0.0,0.0,0.0
145,-1.8523504045805655E-5,9.840865259929102E-6,4.286063316403373E-6,7.83761785072952E-6,5.401751119066291E-6,1.2770268868456016E-5,-7.768646302176307E-6,-7.538114543364931E-6,-1.7252124983931546E-6,9.165427717914296E-7,3.991885112059992E-7,7.299675180392956E-7,5.030996576445493E-7,1.1893768805956528E-6,-7.235437562443801E-7,-7.020728579416323E-7,0.0,0.0,0.0,0.0,0.0,0.0,0.0,0.0
146,3.1105078294226974E-6,-4.568601341193348E-6,3.9402679579226805E-6,1.875182242781829E-6,-1.2017121538212215E-6,-2.0949186440792212E-6,3.5390602048230994E-6,-1.722223009297386E-6,2.8970150412149535E-7,-4.255030859448588E-7,3.669823760783187E-7,1.746477250747164E-7,-1.119231448929198E-7,-1.9511318263247578E-7,3.2961532995206514E-7,-1.6040165258759305E-7,0.0,0.0,0.0,0.0,0.0,0.0,0.0,0.0
147,2.0098144604244645E-5,-2.317491294664155E-6,7.922634584764905E-6,-1.167608690866147E-5,-1.755443723888007E-6,-1.2574692099105813E-5,1.769676781686084E-5,-1.4818507295864578E-5,1.8718688526756747E-6,-2.1584279824082215E-7,7.378856706613808E-7,-1.0874687109595994E-6,-1.6349571037900527E-7,-1.1711615642038866E-6,1.6482132615574363E-6,-1.3801424358553915E-6,0.0,0.0,0.0,0.0,0.0,0.0,0.0,0.0
