0,-0.4224039346094545
1,-0.15534091520282128
2,-0.04027685580779686
3,0.08302111119959782
4,0.11054619422494792
5,0.12073141816046386
6,0.08096175572361712
7,0.03321204740139348
8,-0.004886823158540256
9,-0.002009618342037473
10,-0.020939264791260268
11,-0.2041244169885839
12,0.03362232857180261
13,0.004238414197178471
14,-0.0901612601947641
15,0.08598328194287097
16,-6.998846898946617E-4
17,-3.484554112499305E-4
18,0.2097193315679913
19,-0.2536873958638283
20,-0.07547589153894724
21,0.14324265626629704
22,-0.037273337224507
23,-0.14048826475657003
24,-0.004890717739870696
25,-0.001916742989402832
26,-0.046044129157555944
27,0.057154106170007116
28,0.07320113803863137
29,-0.024263242959345385
30,-0.056756530123626914
31,-0.013179642746133213
32,-0.004236636513066424
33,-0.01949491276418227
34,-0.12499965639383728
35,-0.132233242322546
36,-0.2732093332194268
37,-0.14241914034758782
38,-0.0048843250699228844
39,0.20973337630252545
40,0.14324790346964433
41,0.07319370043469338
42,0.057154273007902795
43,-0.5494630331128904
44,0.6634790689185899
45,-0.1842820124638776
46,-0.022622533651360445
47,-0.055459044396416385
48,9.90200978606051E-4
49,-0.04701979153055006
50,-0.11163322030965447
51,0.2560196233218672
52,-0.07259825430686619
53,0.2167067881113788
54,-0.19171834277704397
55,0.0062060423115159625
56,-0.04987164761995602
57,-0.034387876050243085
58,-0.056398045314761634
59,-0.0832742136116876
60,0.019871234898898364
61,-0.09051067522113607
62,0.009036343499980583
63,-7.823148375491588E-4
64,-0.011134285400102752
65,-0.3092238477718912
66,0.5519566784450849
67,0.11918500443194527
68,-0.3113057624376113
69,-0.1845292930800532
70,-0.060523728861549525
71,-0.028447858123611336
72,-0.11944243820225856
73,-0.014543802512183844
74,-0.014914882839685863
75,-0.01707158309811379
76,0.16879947718408753
77,-0.36323715657559225
78,-0.46609019458964185
79,-0.009286976301534581
80,-0.03077072276392234
81,-0.006506929148705063
82,0.0065073850795877046
83,0.010686978363236097
84,-9.751510564449799E-4
85,0.11820096453735697
86,0.013558244293423304
87,0.005685895590248782
88,0.0388489703997248
89,0.0922639995729893
90,-0.0010462568911633946
91,2.6959043667065354E-6
92,0.03448680583645225
93,-0.29593739580759376
94,0.08873096127881186
95,0.01237340433625007
96,5.876597619548109E-4
97,-1.7970816119414892E-4
98,-0.15984433151627273
99,-0.3360155346991276
100,0.1820953009460222
101,0.10071960980416834
102,0.013493884384553689
103,0.007155919949943055
104,-9.840288836941858E-4
105,-0.0010224763340276593
106,-0.0969304879448923
107,-0.0018334952108640314
108,-0.0031175841743478886
109,8.98589326433097E-4
110,-0.008189651996289753
111,-0.046637804680400664
112,-0.0022940643335593925
113,-0.006482377220613689
114,-5.787107102325328E-4
115,0.0023829431893863944
116,0.0030795350377440015
117,0.0021576811219495735
118,0.0012402422662222022
119,-0.001511953471683747
120,0.003453853609912953
121,-0.00186361624394625
122,-0.002994641735773151
123,-9.32044171394644E-5
124,-3.540326091373338E-4
125,-0.001631529769820374
126,-0.001095017416722056
127,0.0020204024122581657
128,-0.0031432901589249613
129,-0.002007067100097507
130,-0.004952697554236343
131,-0.005456086969906716
132,5.982126448526052E-4
133,-0.005064362859418968
134,-0.0035244985337468133
135,0.0017604580311925675
136,4.721246905513577E-4
137,-0.0016585268421653236
138,-0.0010092357987825922
139,-5.166630486366837E-4
140,-0.0010343569682929586
141,-0.001405486682944504
142,-0.0018862589390013305
143,-0.005046639304385617
144,2.8431848592150365E-4
145,3.847533576923921E-5
146,-3.9955180844231916E-4
147,-4.021253514586439E-5
0,0.1727719920361885
1,0.07502110405375723
2,0.03543939134229643
3,-0.030949894655095123
4,-0.0434254754512285
5,-0.062167264813823224
6,-0.036044962389005765
7,-0.013517523792880435
8,0.01508445416933377
9,0.003543275102976546
10,0.0423701968031788
11,0.07845286530420736
12,-0.019954198367578082
13,0.0035747186646383745
14,0.0413537524957205
15,-0.03793783650245744
16,6.511127186684542E-4
17,1.5766663994876235E-4
18,-0.08726686305793667
19,0.12357743538269403
20,0.04002679542271517
21,-0.07580382104621652
22,0.023878943281856812
23,0.04965775316106738
24,0.006600771223333113
25,-0.002314913169601323
26,0.03278379546717305
27,-0.03089454439362239
28,-0.040014158277081435
29,0.0172951305463439
30,0.03329035713424929
31,0.008081025194170196
32,0.0023941487905775665
33,0.01092422953088739
34,0.08443279481146189
35,0.07331707612364835
36,0.13449914794040183
37,0.04734152373181668
38,0.006601366613604026
39,-0.0872655549819109
40,-0.07580333234058212
41,-0.040014850988743356
42,-0.030894528854941268
43,0.17422350523220498
44,-0.17164693898829925
45,0.06372893020371469
46,0.009559537009326007
47,0.022886549034089543
48,-0.0016299218326487196
49,0.015095641552670439
50,0.024508430972712124
51,-0.1263302692845911
52,0.04088604824242526
53,-0.11446187934057099
54,0.08411725539908514
55,-0.004159771804025935
56,0.05290366715921258
57,0.02766514704331615
58,0.04297139589606488
59,0.0525892396138654
60,-0.012061464039009082
61,0.04151132976057057
62,-0.003444495263212428
63,6.053884768317386E-4
64,0.004908738952275736
65,0.07950301885264136
66,-0.0925988302090908
67,-0.08579465596342346
68,0.1124492309971123
69,0.07094694399631825
70,0.027705652061072304
71,0.042048254206408474
72,0.04356660047924387
73,0.008759345466099779
74,0.007529771626827947
75,0.010309286494847907
76,0.03799655394616913
77,0.07421511033355482
78,0.2618214375481746
79,0.0049492475837683405
80,0.022872924794106714
81,0.009049703980387437
82,-0.003725348673225507
83,-0.005485442645101682
84,7.403981945075684E-4
85,-0.06588087538797878
86,-0.008720825262947839
87,-0.0034614190363772062
88,-0.028846113112106993
89,-0.052010320534037646
90,7.135379604917793E-4
91,2.510868298143561E-7
92,-0.019805176650385163
93,0.16437498407745454
94,-0.04561290217808134
95,-0.006348215598171156
96,-2.870281267507265E-4
97,8.599969840792665E-5
98,0.07602835706230474
99,0.1324788898446173
100,-0.05059369799280844
101,-0.04207255901587678
102,-0.003519340908509568
103,-0.004347073527466619
104,9.784022869773095E-4
105,0.0032620415870657747
106,0.050178706607602555
107,2.928464824625387E-4
108,0.0010587918925156934
109,-3.344994087799002E-4
110,0.010382035227621813
111,0.029382629209297902
112,7.13613936271044E-4
113,0.0036208492644739117
114,2.4490227638573333E-4
115,-0.0028312951376634173
116,-0.001565454024202986
117,-0.001955284887758492
118,1.7735128198098431E-4
119,8.856665101860516E-4
120,-0.0014624988913119088
121,9.022949741059569E-4
122,0.0023602171232773982
123,4.0816171642025915E-4
124,3.7465403267678834E-4
125,0.0011131556295636894
126,7.07146395491311E-4
127,-0.0011176876599827
128,0.0016422015452999031
129,0.0013499788657805874
130,0.0033746501425399
131,0.002872975381183807
132,-4.907925057078177E-4
133,0.0031651034052809935
134,0.0022185215227594154
135,-0.001840986524627974
136,-3.0411423382026206E-4
137,0.0011267979342841942
138,5.592797452747748E-4
139,3.5091688698044726E-4
140,4.501464928002023E-4
141,1.410026104669091E-4
142,7.970937266968516E-4
143,0.0030861260289509066
144,-1.6591799981465502E-4
145,-3.069139954265017E-4
146,6.030446963237346E-4
147,5.2898734932278745E-5
0,0.0
1,0.0
2,0.0
3,0.0
4,0.0
5,0.0
6,0.0
7,0.0
8,0.0
9,0.0
10,0.0
11,0.0
12,0.0
13,0.0
14,0.0
15,0.0
16,0.0
17,0.0
18,0.0
19,0.0
20,0.0
21,0.0
22,0.0
23,0.0
24,0.0
25,0.0
26,0.0
27,0.0
28,0.0
29,0.0
30,0.0
31,0.0
32,0.0
33,0.0
34,0.0
35,0.0
36,0.0
37,0.0
38,0.0
39,0.0
40,0.0
41,0.0
42,0.0
43,0.0
44,0.0
45,0.0
46,0.0
47,0.0
48,0.0
49,0.0
50,0.0
51,0.0
52,0.0
53,0.0
54,0.0
55,0.0
56,0.0
57,0.0
58,0.0
59,0.0
60,0.0
61,0.0
62,0.0
63,0.0
64,0.0
65,0.0
66,0.0
67,0.0
68,0.0
69,0.0
70,0.0
71,0.0
72,0.0
73,0.0
74,0.0
75,0.0
76,0.0
77,0.0
78,0.0
79,0.0
80,0.0
81,0.0
82,0.0
83,0.0
84,0.0
85,0.0
86,0.0
87,0.0
88,0.0
89,0.0
90,0.0
91,0.0
92,0.0
93,0.0
94,0.0
95,0.0
96,0.0
97,0.0
98,0.0
99,0.0
100,0.0
101,0.0
102,0.0
103,0.0
104,0.0
105,0.0
106,0.0
107,0.0
108,0.0
109,0.0
110,0.0
111,0.0
112,0.0
113,0.0
114,0.0
115,0.0
116,0.0
117,0.0
118,0.0
119,0.0
120,0.0
121,0.0
122,0.0
123,0.0
124,0.0
125,0.0
126,0.0
127,0.0
128,0.0
129,0.0
130,0.0
131,0.0
132,0.0
133,0.0
134,0.0
135,0.0
136,0.0
137,0.0
138,0.0
139,0.0
140,0.0
141,0.0
142,0.0
143,0.0
144,0.0
145,0.0
146,0.0
147,0.0
