0,0,4.778755168111971E-6
0,1,-7.315248494420316E-6
0,2,-2.6479386323724125E-6
0,3,-2.797838225140336E-6
0,4,-6.893232938708334E-6
0,5,-2.03988379348251E-6
0,6,-4.529119471183706E-6
0,7,-1.8291016570220226E-6
0,8,-8.593780435035743E-6
0,9,-4.905485419289256E-6
0,10,4.595453557126093E-6
0,11,-3.616593636893265E-6
0,12,-6.385848606476397E-6
0,13,-9.821265535194598E-6
0,14,-1.5964835323628466E-5
0,15,2.3592675934889892E-6
0,16,-4.962412357216975E-6
0,17,-2.153525989231849E-6
0,18,-4.682220596845276E-6
0,19,-2.2830361399900915E-5
0,20,1.5385867385654007E-5
0,21,-7.358396254724153E-6
0,22,-8.224735093252061E-6
0,23,3.254979599197542E-6
0,24,1.1287388152872168E-6
0,25,-8.86041019656585E-6
0,26,2.8195267200582414E-6
0,27,2.411829908794088E-6
0,28,4.276362295518302E-7
0,29,-1.1917025200348582E-5
0,30,-9.910228884598952E-6
0,31,-2.462755593296569E-6
0,32,-1.0618285991576977E-5
0,33,-2.7952307875868044E-6
0,34,-4.258572628797672E-6
0,35,-1.5129004801007343E-5
0,36,1.3093968505927563E-5
0,37,1.4748831584275688E-5
0,38,1.7416577212893514E-5
0,39,5.895227681930298E-7
0,40,4.215258358451544E-6
0,41,-6.348699921475926E-6
0,42,-1.2802644069290899E-5
0,43,5.530179041180023E-6
0,44,-1.4240254902017829E-5
0,45,-3.4374233915409027E-6
0,46,-1.1361051879269264E-5
0,47,2.010832848228449E-6
0,48,-1.1262866718873504E-5
0,49,1.06345500578234E-5
0,50,-9.086212865450822E-6
0,51,-1.2195981163912187E-7
0,52,2.3258441115971817E-5
0,53,-9.19210324173904E-6
0,54,7.89986758207186E-6
0,55,3.770884346344392E-6
0,56,-1.3323111084732365E-5
0,57,-1.4408307758458464E-5
0,58,2.3289762944294137E-5
0,59,-1.1320442169266903E-6
0,60,-4.7208136705761124E-6
0,61,-2.373408762363065E-5
0,62,-3.6845421801093644E-6
0,63,1.1692509777082542E-5
0,64,1.2268950218542707E-5
0,65,9.543001396048687E-6
0,66,3.226320234102649E-6
0,67,-1.902806474168582E-5
0,68,8.806599830968304E-6
0,69,3.668842494959536E-6
0,70,-2.5373154328140957E-5
0,71,-3.219397468484753E-7
0,72,2.0137761937526176E-6
0,73,-2.8180653595089723E-6
0,74,9.634772590051582E-7
0,75,-1.1044806038534667E-5
0,76,-1.7089922030357207E-6
0,77,-2.8079008196427167E-6
0,78,2.9235807343385155E-6
0,79,1.013219619023648E-5
0,80,-6.806120203264525E-6
0,81,-2.2820624622538894E-6
0,82,7.149723373028393E-6
0,83,4.418938846815091E-6
0,84,4.3522357032619057E-7
0,85,4.479292179496303E-6
0,86,6.787862841956447E-6
0,87,-2.965599061422813E-5
0,88,-3.4386572240718187E-6
0,89,-2.091799131272295E-6
0,90,2.041659733459575E-5
0,91,-2.6340979563335714E-5
0,92,-1.122877672248764E-6
0,93,3.792637818498035E-6
0,94,4.4489552839325864E-6
0,95,-3.7524298421979134E-6
0,96,-1.7200162372898938E-5
0,97,7.648795464478038E-6
0,98,1.1954933050799923E-5
0,99,7.005303862753653E-6
