0,0,9.780340167514455E-6
0,1,-8.1980270073566E-6
0,2,1.8873562127141361E-6
0,3,-5.005453520226058E-6
0,4,1.0877360406080492E-6
0,5,1.2039161352746349E-5
0,6,1.3540480131436153E-5
0,7,-1.0640503341392724E-5
0,8,-1.5250161106515518E-5
0,9,-4.132250089677571E-6
0,10,6.471823163718007E-6
0,11,-8.196347710083505E-6
0,12,-8.887312256522901E-6
0,13,-7.19194056616736E-6
0,14,-1.6267870774590712E-6
0,15,-1.052558128428648E-5
0,16,3.330505518286845E-6
0,17,-7.043351727229626E-6
0,18,-1.1043565965105411E-5
0,19,1.6881555395570588E-5
0,20,-1.50946588512768E-5
0,21,2.7657021836291414E-6
0,22,-5.976641729767683E-6
0,23,-8.698499493690325E-6
0,24,-2.3736832625651657E-7
0,25,9.04851734610225E-6
0,26,2.044589029523665E-5
0,27,7.041746516536333E-6
0,28,-3.2967726660448204E-6
0,29,-1.3085071428032498E-5
0,30,7.4039675116595415E-6
0,31,-2.449076215426378E-7
0,32,2.655731543744718E-6
0,33,5.79112947947808E-6
0,34,-3.7347052895363737E-7
0,35,-5.031928742740445E-6
0,36,-1.303577655972104E-5
0,37,-5.558044174681341E-6
0,38,-9.653595269071818E-6
0,39,-7.296130807046319E-6
0,40,-5.515654422600875E-7
0,41,-6.302637735831589E-6
0,42,1.2507077249084182E-5
0,43,-2.7278867876950166E-6
0,44,2.4287751252003463E-5
0,45,6.624296089735717E-6
0,46,-5.3431559364469185E-6
0,47,-8.94526098067495E-6
0,48,-1.040723499159234E-6
0,49,-4.4892901183962694E-6
0,50,-7.70227191174703E-6
0,51,1.9869484468647368E-5
0,52,8.142198084285236E-7
0,53,8.691992197075362E-6
0,54,-9.366470170966647E-6
0,55,5.207213723502939E-6
0,56,-1.273981709799112E-5
0,57,9.23946533863423E-6
0,58,-1.6507686914843762E-6
0,59,-1.9293869897331543E-6
0,60,7.271849496527201E-6
0,61,9.695225675942575E-6
0,62,-1.9323535048181028E-5
0,63,-3.119842087195598E-6
0,64,-3.7891339998421914E-6
0,65,1.002256814738878E-5
0,66,-9.170726944783176E-6
0,67,-8.641673063008899E-6
0,68,1.1491447691222525E-6
0,69,4.157772348118002E-6
0,70,4.01356884471614E-6
0,71,-3.639796634109402E-6
0,72,-3.67094060741912E-6
0,73,-2.6107831221735745E-5
0,74,-1.4945425261378443E-5
0,75,5.823125677376065E-6
0,76,4.027085312267442E-6
0,77,-3.0726237405453856E-6
0,78,-1.0990878469004452E-5
0,79,-1.411641321664898E-6
0,80,-2.2274670207416295E-5
0,81,8.478259557136142E-6
0,82,-3.6381199464756057E-6
0,83,6.228993147684533E-6
0,84,-1.4214227285202521E-5
0,85,4.976474503340845E-7
0,86,4.961278793394019E-6
0,87,8.466817314108246E-6
0,88,1.490570424134766E-5
0,89,6.152150660328482E-7
0,90,-1.2780667399870803E-5
0,91,2.863341608164666E-6
0,92,-1.6359816370738323E-6
0,93,-1.1692991968062476E-5
0,94,-7.831181096260243E-6
0,95,1.406905180452243E-6
0,96,-8.029811545767503E-6
0,97,6.318532578162181E-6
0,98,1.9860548098036856E-5
0,99,-6.254082988432654E-6
1,0,1.1009326774923658E-6
1,1,-4.481279140770025E-7
1,2,1.7578156481854444E-7
1,3,-4.6618992561373753E-7
1,4,1.0130781992268832E-7
1,5,1.1212841579308335E-6
1,6,1.2611115855418881E-6
1,7,-9.910181847003887E-7
1,8,-1.0762673821753949E-7
1,9,-3.7642329186011686E-7
1,10,6.027623165588203E-7
1,11,1.3211468273424305E-6
1,12,4.845481586370309E-7
1,13,-3.6374168334368554E-7
1,14,-1.5151309338215232E-7
1,15,-7.204324569154294E-7
1,16,3.101912970627615E-7
1,17,6.700023462031752E-7
1,18,-1.0285579867996415E-6
1,19,1.5722873106910428E-6
1,20,-5.534293345878903E-7
1,21,2.575875472713591E-7
1,22,-5.566429000212796E-7
1,23,1.2749848736237683E-6
1,24,4.363182844492091E-7
1,25,8.427463388579248E-7
1,26,1.904256634753955E-6
1,27,6.558429264141102E-7
1,28,3.6134360697072393E-7
1,29,-1.198735548554871E-6
1,30,6.895788862207246E-7
1,31,-2.2809814416984805E-8
1,32,1.8901910491262504E-6
1,33,3.2308848482958986E-6
1,34,1.1286067113496666E-6
1,35,5.49973878556954E-7
1,36,-1.214105311364313E-6
1,37,1.4215741327840844E-7
1,38,-8.991011188513584E-7
1,39,-6.79535363670984E-7
1,40,-5.137082013833697E-8
1,41,-2.3701335590613607E-8
1,42,1.1648641604272645E-6
1,43,1.2563000456748729E-6
1,44,2.738308867583158E-6
1,45,6.25904571334068E-7
1,46,-4.976423132268528E-7
1,47,-8.331294126147409E-7
1,48,-9.692924101622667E-8
1,49,-4.1811632410465875E-7
1,50,-7.173618844096194E-7
1,51,2.527077319497839E-6
1,52,7.58335024769908E-8
1,53,2.6200681105394023E-6
1,54,-8.723593206133753E-7
1,55,2.232758246779401E-6
1,56,4.3001870471801733E-7
1,57,8.605305476363843E-7
1,58,-1.5374665459960808E-7
1,59,4.228759082917937E-7
1,60,6.772738898007402E-7
1,61,1.4016510359108958E-6
1,62,5.876545236199049E-7
1,63,-2.9057086329524783E-7
1,64,-3.5290630317293166E-7
1,65,9.334659247577575E-7
1,66,5.548886092382266E-7
1,67,-3.9728904670719714E-7
1,68,1.0702720787872264E-7
1,69,3.8723995215531387E-7
1,70,1.198753973498778E-6
1,71,-3.389975584126413E-7
1,72,-3.418981959956106E-7
1,73,-1.5220371057425256E-6
1,74,-1.391963118369547E-6
1,75,5.423449674252076E-7
1,76,3.7506823199535913E-7
1,77,1.5466379163786028E-6
1,78,-1.0082545138319176E-6
1,79,-1.3147519202426152E-7
1,80,-6.674029597022476E-7
1,81,2.388719570333347E-6
1,82,1.812323592314494E-6
1,83,5.801460028413942E-7
1,84,-1.811190947742981E-7
1,85,4.634909242801945E-8
1,86,4.620756505470288E-7
1,87,1.377242814495359E-6
1,88,3.4353401164916994E-6
1,89,3.0587065199758655E-6
1,90,-7.375643041918029E-7
1,91,1.567694709822746E-6
1,92,-1.5236944157228854E-7
1,93,-1.0890431873487636E-6
1,94,8.374014897273002E-7
1,95,1.3103408487768587E-7
1,96,5.315670863752949E-8
1,97,5.884853831323503E-7
1,98,1.8497399692273456E-6
1,99,-4.2017829449869165E-8
2,0,0.0
2,1,0.0
2,2,0.0
2,3,0.0
2,4,0.0
2,5,0.0
2,6,0.0
2,7,0.0
2,8,0.0
2,9,0.0
2,10,0.0
2,11,0.0
2,12,0.0
2,13,0.0
2,14,0.0
2,15,0.0
2,16,0.0
2,17,0.0
2,18,0.0
2,19,0.0
2,20,0.0
2,21,0.0
2,22,0.0
2,23,0.0
2,24,0.0
2,25,0.0
2,26,0.0
2,27,0.0
2,28,0.0
2,29,0.0
2,30,0.0
2,31,0.0
2,32,0.0
2,33,0.0
2,34,0.0
2,35,0.0
2,36,0.0
2,37,0.0
2,38,0.0
2,39,0.0
2,40,0.0
2,41,0.0
2,42,0.0
2,43,0.0
2,44,0.0
2,45,0.0
2,46,0.0
2,47,0.0
2,48,0.0
2,49,0.0
2,50,0.0
2,51,0.0
2,52,0.0
2,53,0.0
2,54,0.0
2,55,0.0
2,56,0.0
2,57,0.0
2,58,0.0
2,59,0.0
2,60,0.0
2,61,0.0
2,62,0.0
2,63,0.0
2,64,0.0
2,65,0.0
2,66,0.0
2,67,0.0
2,68,0.0
2,69,0.0
2,70,0.0
2,71,0.0
2,72,0.0
2,73,0.0
2,74,0.0
2,75,0.0
2,76,0.0
2,77,0.0
2,78,0.0
2,79,0.0
2,80,0.0
2,81,0.0
2,82,0.0
2,83,0.0
2,84,0.0
2,85,0.0
2,86,0.0
2,87,0.0
2,88,0.0
2,89,0.0
2,90,0.0
2,91,0.0
2,92,0.0
2,93,0.0
2,94,0.0
2,95,0.0
2,96,0.0
2,97,0.0
2,98,0.0
2,99,0.0
